%YAML:1.0
R: !!opencv-matrix
   rows: 3
   cols: 3
   dt: d
   data: [ 9.9994556312214833e-01, 5.5200831588174413e-03,
       -8.8543477596760012e-03, -5.5475295224508949e-03,
       9.9997987459306348e-01, -3.0782015915921013e-03,
       8.8371776335589812e-03, 3.1271537795069270e-03,
       9.9995606163506612e-01 ]
t: !!opencv-matrix
   rows: 3
   cols: 1
   dt: d
   data: [ -2.1137632087176215e+01, 4.9281538835726757e-01,
       -2.8740949153292350e-01 ]
E: !!opencv-matrix
   rows: 3
   cols: 3
   dt: d
   data: [ 2.7606844881530347e-03, 2.8894481680424955e-01,
       4.9190903050061358e-01, -1.0059683635034722e-01,
       6.4514101777344818e-02, 2.1139248157771192e+01,
       -3.7552692298785273e-01, -2.1139927065654462e+01,
       6.9429451563069122e-02 ]
F: !!opencv-matrix
   rows: 3
   cols: 3
   dt: d
   data: [ -2.2295918555352457e-08, -2.3312634910174377e-06,
       -6.3181527274308348e-03, 8.1022376713394663e-07,
       -5.1909060730176814e-07, -2.9521993131378854e-01,
       5.0664339262348279e-03, 2.9673441665338912e-01, 1. ]
