%YAML:1.0
K: !!opencv-matrix
   rows: 3
   cols: 3
   dt: d
   data: [ 1.7331257894078371e+03, 0., 3.2615246280978710e+02, 0.,
       1.7348511763245624e+03, 2.4016376751013206e+02, 0., 0., 1. ]
D: !!opencv-matrix
   rows: 1
   cols: 5
   dt: d
   data: [ -4.4987143758134934e-01, -4.0610929767103503e+00,
       1.3535676742197126e-03, -6.7574354060614061e-04,
       6.2389566493881304e+01 ]
