%YAML:1.0
K: !!opencv-matrix
   rows: 3
   cols: 3
   dt: d
   data: [ 1.7342325316378381e+03, 0., 3.4876801838072578e+02, 0.,
       1.7389827227167607e+03, 2.4807229705796914e+02, 0., 0., 1. ]
D: !!opencv-matrix
   rows: 1
   cols: 5
   dt: d
   data: [ -5.5177245593919022e-01, -5.0701548099363491e-01,
       1.4002661180761060e-03, -2.1175804209518198e-03,
       6.2644985808934933e+01 ]
