<?xml version="1.0"?>
<opencv_storage>
<fundamental type_id="opencv-matrix">
  <rows>3</rows>
  <cols>3</cols>
  <dt>d</dt>
  <data>
    3.1428286861775596e-07 -4.3272372616883971e-05
    4.3746325327112326e-03 4.3450311317260436e-05 9.0792341890272267e-07
    -6.6457821779745657e-02 -5.1349753674193631e-03
    6.0987259761731610e-02 1.</data></fundamental>
<rotation type_id="opencv-matrix">
  <rows>3</rows>
  <cols>3</cols>
  <dt>d</dt>
  <data>
    9.9998e-01 6.72e-03 1.31e-03
    -6.73e-03 9.9995e-01
    6.99e-03 -1.26e-03
    -7e-03 9.9997e-01</data></rotation>
<translation type_id="opencv-matrix">
  <rows>3</rows>
  <cols>1</cols>
  <dt>d</dt>
  <data>
    -2.020723e+01 -0.000045e+00
    0.71653</data></translation>
<essential type_id="opencv-matrix">
  <rows>3</rows>
  <cols>3</cols>
  <dt>d</dt>
  <data>
    -2.4354941886561607e-01 3.3562326262871380e+01
    3.1688945771481816e+00 -3.3746249056648701e+01
    -7.0575959459234761e-01 2.1070414847634922e+01
    -2.2660943300759562e+00 -2.1283589399700357e+01
    -4.9367585331457603e-01</data></essential>
</opencv_storage>
