0.999935 -0.00300644 0.0110092 0.0577586 0.00299532 0.999995 0.00102622 -0.0126702 -0.0110122 -0.000993176 0.999939 0.99825
0.999835 -0.00656346 0.0169559 0.126342 0.00654354 0.999978 0.00123008 -0.0340952 -0.0169636 -0.00111892 0.999855 1.99567
0.99977 -0.00941813 0.0192877 0.156945 0.00942525 0.999956 -0.000278307 -0.0359722 -0.0192843 0.000460034 0.999814 2.9952
0.999795 -0.0109749 0.0170183 0.171603 0.011009 0.999938 -0.00191307 -0.0390771 -0.0169962 0.00210003 0.999853 3.99508
0.999852 -0.0137644 0.0103459 0.181369 0.0137993 0.999899 -0.00330541 -0.0461016 -0.0102994 0.00344769 0.999941 4.99501
0.999874 -0.0157061 -0.00215571 0.178616 0.0156941 0.999862 -0.00544843 -0.0483366 0.00224098 0.00541391 0.999983 5.995
0.99972 -0.0145719 -0.0186426 0.12942 0.0144672 0.999879 -0.00573883 -0.0556185 0.0187239 0.00546751 0.99981 6.99377
0.99926 -0.00976256 -0.0372167 -0.0222777 0.00957003 0.99994 -0.00534786 -0.0861529 0.0372667 0.00498774 0.999293 7.98172
0.998275 -0.00960017 -0.0579226 -0.11921 0.00925562 0.999938 -0.00621379 -0.110823 0.0579786 0.00566696 0.998302 8.97671
0.997013 -0.00802986 -0.0768161 -0.277195 0.00754504 0.99995 -0.00659952 -0.127351 0.0768653 0.00600023 0.997023 9.96401
0.995154 -0.00901235 -0.0979102 -0.370961 0.00839527 0.999942 -0.00671271 -0.115503 0.097965 0.0058582 0.995173 10.9595
0.993164 -0.0077111 -0.116475 -0.510729 0.00704296 0.999956 -0.00614685 -0.119802 0.116518 0.0052845 0.993175 11.9497
0.990945 -0.00681904 -0.134095 -0.690346 0.0061324 0.999966 -0.00553287 -0.135924 0.134128 0.00466044 0.990953 12.9333
0.988681 -0.00630532 -0.149903 -0.867708 0.00564512 0.999972 -0.00482928 -0.153661 0.14993 0.00392839 0.988689 13.9173
0.986407 -0.00743904 -0.164149 -1.04195 0.00669831 0.999965 -0.00506558 -0.16755 0.164181 0.0038972 0.986423 14.9019
0.984313 -0.00889377 -0.176208 -1.23502 0.00800715 0.999951 -0.00574207 -0.18952 0.17625 0.00424107 0.984336 15.8828
0.982415 -0.0135247 -0.186221 -1.42674 0.0122243 0.999892 -0.00812967 -0.205785 0.186311 0.00571028 0.982474 16.8642
0.980844 -0.0130121 -0.194361 -1.61949 0.0111979 0.999883 -0.0104303 -0.21234 0.194474 0.0080541 0.980875 17.8454
0.979427 -0.0130001 -0.201379 -1.85432 0.0108102 0.99987 -0.0119702 -0.229262 0.201509 0.00954695 0.97944 18.8173
0.97757 -0.0127703 -0.210221 -2.00804 0.0097859 0.999836 -0.0152305 -0.231267 0.210381 0.0128316 0.977535 19.8054
0.975847 -0.0160751 -0.217861 -2.22841 0.0126449 0.999773 -0.01713 -0.247653 0.218087 0.0139614 0.97583 20.7807
0.973996 -0.0217558 -0.225517 -2.44939 0.0181254 0.999671 -0.018156 -0.288202 0.225838 0.0135963 0.97407 21.7551
0.971878 -0.0222137 -0.234433 -2.67424 0.0178365 0.999625 -0.0207754 -0.30888 0.234807 0.0160097 0.97191 22.7293
0.969928 -0.0174494 -0.242767 -2.94297 0.0117791 0.999623 -0.0247887 -0.34187 0.243108 0.0211837 0.969768 23.6919
0.967613 -0.0147282 -0.252009 -3.19927 0.00797301 0.999582 -0.0278056 -0.367838 0.252313 0.0248958 0.967325 24.6582
0.965032 -0.0184072 -0.261485 -3.43107 0.0110641 0.999503 -0.0295271 -0.408312 0.261899 0.0256015 0.964756 25.6301
0.962708 -0.0215022 -0.269687 -3.72524 0.0134912 0.999412 -0.0315234 -0.458646 0.270206 0.0267095 0.962432 26.5845
0.960474 -0.0205172 -0.277613 -4.00648 0.0115111 0.999354 -0.0340325 -0.502302 0.278132 0.0294917 0.96009 27.5432
0.957908 -0.0215146 -0.286268 -4.31555 0.0112185 0.999231 -0.0375586 -0.544931 0.286856 0.0327662 0.957413 28.4932
0.955261 -0.0233421 -0.294841 -4.58318 0.0110822 0.999006 -0.0431845 -0.577626 0.295556 0.037985 0.95457 29.4562
0.953427 -0.025371 -0.300555 -4.89864 0.0105959 0.998658 -0.050688 -0.632182 0.301438 0.0451427 0.952417 30.4036
0.951932 -0.0268432 -0.30513 -5.20192 0.00928412 0.998224 -0.0588525 -0.687509 0.306168 0.0531907 0.95049 31.3549
0.950456 -0.0272964 -0.309659 -5.50379 0.00656168 0.997677 -0.0678051 -0.74282 0.31079 0.0624139 0.948427 32.3066
0.949214 -0.0262411 -0.313536 -5.83378 0.00220186 0.997046 -0.0767809 -0.81237 0.314625 0.0721911 0.946467 33.248
0.947712 -0.0264065 -0.318032 -6.15483 -0.000323135 0.996491 -0.0837026 -0.893539 0.319126 0.0794288 0.944378 34.1916
0.946133 -0.0244331 -0.322854 -6.48989 -0.00518474 0.995877 -0.0905605 -0.979714 0.323736 0.0873562 0.942106 35.1299
0.943872 -0.0246063 -0.329392 -6.77073 -0.00779303 0.995285 -0.0966808 -1.06989 0.330218 0.0938213 0.93923 36.0854
0.942002 -0.0234344 -0.334787 -7.10539 -0.0115661 0.9947 -0.102171 -1.1667 0.335407 0.100117 0.936738 37.0227
0.940264 -0.0209915 -0.339797 -7.4563 -0.0159078 0.994298 -0.105443 -1.2709 0.340073 0.10455 0.934569 37.9533
0.93843 -0.0200549 -0.344888 -7.8098 -0.0181029 0.994087 -0.107063 -1.37639 0.344996 0.106714 0.932518 38.8828
0.936414 -0.0194862 -0.350357 -8.19548 -0.0190656 0.994157 -0.106251 -1.48267 0.35038 0.106174 0.93057 39.7993
0.934301 -0.0180944 -0.356026 -8.56599 -0.0206915 0.994275 -0.104832 -1.59372 0.355885 0.105311 0.928577 40.7214
0.931925 -0.0170455 -0.362251 -8.94193 -0.0218342 0.994445 -0.102964 -1.70389 0.361993 0.103864 0.926376 41.6415
0.928518 -0.0167065 -0.370911 -9.30395 -0.0220574 0.994741 -0.100022 -1.81077 0.370631 0.101054 0.923266 42.5675
0.925345 -0.0142021 -0.378861 -9.70437 -0.0232753 0.995285 -0.0941581 -1.92021 0.378411 0.0959468 0.920651 43.4773
0.921991 -0.0103292 -0.387073 -10.1125 -0.0261036 0.995712 -0.0887488 -2.01945 0.38633 0.0919296 0.917768 44.3848
0.918235 -0.00696676 -0.395975 -10.5131 -0.0289305 0.995994 -0.0846109 -2.1159 0.394978 0.0891484 0.914355 45.296
0.914437 -0.00608317 -0.404684 -10.9385 -0.0300407 0.996109 -0.0828543 -2.20588 0.403613 0.087922 0.910696 46.1965
0.910111 -0.00697438 -0.414306 -11.3544 -0.0297986 0.996168 -0.0822284 -2.29685 0.413292 0.0871828 0.906416 47.1013
0.90639 -0.00702168 -0.422384 -11.8007 -0.0299329 0.996281 -0.0807947 -2.38109 0.421381 0.0858746 0.902809 47.9923
0.902361 -0.00651341 -0.430932 -12.2432 -0.0305453 0.996405 -0.0790215 -2.47182 0.429897 0.0844689 0.898918 48.8844
0.89841 -0.00738635 -0.439096 -12.6751 -0.029411 0.996602 -0.0769408 -2.55694 0.438172 0.0820386 0.89514 49.7823
0.894732 -0.00613367 -0.446562 -13.1556 -0.0293313 0.99694 -0.0724614 -2.64837 0.44564 0.0779318 0.891814 50.6546
0.890562 -0.00538822 -0.45483 -13.6014 -0.0284044 0.99732 -0.0674309 -2.7235 0.453974 0.0729706 0.888022 51.5465
0.885911 -0.00679052 -0.463805 -14.0409 -0.0258291 0.997619 -0.0639419 -2.79843 0.463136 0.0686265 0.883627 52.4416
0.881924 -0.00935834 -0.471299 -14.5376 -0.0224954 0.997828 -0.0619082 -2.86829 0.470854 0.0652004 0.879798 53.3068
0.878596 -0.0106448 -0.477448 -15.0411 -0.0209191 0.997934 -0.0607443 -2.93803 0.477108 0.0633574 0.876558 54.1679
0.875663 -0.0100475 -0.482818 -15.5492 -0.0211183 0.99803 -0.0590705 -2.99343 0.48246 0.0619222 0.873726 55.0274
0.872541 -0.0115461 -0.488404 -16.0442 -0.0190401 0.998157 -0.0576124 -3.05208 0.488169 0.0595684 0.870714 55.8943
0.869546 -0.013668 -0.493663 -16.5214 -0.0169508 0.998202 -0.0574944 -3.11711 0.493562 0.0583621 0.86775 56.7707
0.867495 -0.0150122 -0.497219 -17.035 -0.015969 0.998189 -0.0579986 -3.18657 0.497189 0.0582536 0.865684 57.6259
0.86598 -0.0158136 -0.499829 -17.5505 -0.0155472 0.998165 -0.0585163 -3.2397 0.499837 0.0584448 0.864145 58.4812
0.865702 -0.01611 -0.500301 -18.0939 -0.0145229 0.998253 -0.0572742 -3.31246 0.50035 0.0568482 0.863955 59.3175
0.865841 -0.0159996 -0.500063 -18.633 -0.0136247 0.998364 -0.0555333 -3.37253 0.500133 0.0548963 0.864207 60.1576
0.865261 -0.0184916 -0.500981 -19.1384 -0.0108194 0.998398 -0.0555383 -3.42766 0.501205 0.0534754 0.863675 61.0187
0.864632 -0.0210622 -0.501964 -19.6516 -0.00844781 0.99837 -0.0564425 -3.48649 0.502334 0.0530425 0.863045 61.8749
0.86341 -0.0238603 -0.503939 -20.1491 -0.00573589 0.998352 -0.057097 -3.54701 0.504471 0.0521886 0.86185 62.7403
0.861578 -0.0252635 -0.506997 -20.6581 -0.00335134 0.998456 -0.055448 -3.60826 0.507615 0.0494719 0.860163 63.5989
0.85967 -0.0246179 -0.510256 -21.1882 -0.00199685 0.998669 -0.0515463 -3.67604 0.510845 0.0453318 0.858477 64.4441
0.856513 -0.0254976 -0.515495 -21.7005 0.00105066 0.998863 -0.0476603 -3.73736 0.516125 0.0402801 0.855566 65.3008
0.852406 -0.0256603 -0.522251 -22.2257 0.00198952 0.998947 -0.0458351 -3.79232 0.522877 0.0380311 0.851559 66.1499
0.847277 -0.0288306 -0.530369 -22.775 0.0038503 0.998833 -0.0481452 -3.85977 0.531138 0.0387502 0.846399 66.9828
0.841141 -0.0327999 -0.539821 -23.3231 0.00573767 0.998644 -0.0517379 -3.91799 0.540786 0.0404215 0.840188 67.8172
0.83423 -0.0347893 -0.550318 -23.8578 0.00749212 0.998631 -0.0517727 -3.97376 0.551366 0.0390673 0.833348 68.6604
0.828289 -0.0315684 -0.559411 -24.4206 0.00658264 0.998891 -0.0466224 -4.03924 0.560263 0.0349344 0.827578 69.4845
0.823159 -0.0266738 -0.567184 -24.9946 0.0032832 0.999103 -0.0422213 -4.10262 0.567801 0.0328927 0.822508 70.3008
0.818744 -0.0269093 -0.573527 -25.5592 0.00208246 0.999034 -0.0439008 -4.16205 0.574154 0.0347492 0.818009 71.124
0.814911 -0.0299067 -0.578814 -26.1365 0.00258567 0.998845 -0.0479689 -4.22344 0.579581 0.0375937 0.814047 71.9382
0.81203 -0.0321654 -0.582728 -26.7343 -9.76378e-05 0.998473 -0.0552497 -4.28347 0.583615 0.0449213 0.810787 72.7377
0.808563 -0.0331796 -0.587473 -27.3159 -0.00026981 0.998388 -0.0567589 -4.35117 0.588409 0.0460516 0.807251 73.5483
0.805478 -0.0312849 -0.591799 -27.9265 2.34724e-05 0.998607 -0.0527585 -4.41691 0.592626 0.0424819 0.804357 74.3375
0.802245 -0.0282695 -0.596326 -28.5192 -0.000209485 0.998865 -0.0476342 -4.47683 0.596995 0.0383392 0.801328 75.1407
0.799498 -0.0256901 -0.600119 -29.1295 -0.00148073 0.998998 -0.0447381 -4.53658 0.600667 0.0366566 0.798659 75.9306
0.796235 -0.0259299 -0.604432 -29.7374 -0.0019879 0.998964 -0.0454739 -4.59277 0.604984 0.0374094 0.795358 76.7226
0.793325 -0.0266868 -0.608213 -30.3768 -0.00288598 0.998863 -0.0475918 -4.64627 0.608792 0.039511 0.792346 77.4896
0.789682 -0.0291368 -0.612824 -31.0136 -0.00207944 0.998739 -0.0501647 -4.71359 0.613513 0.0408885 0.788626 78.2578
0.785675 -0.0300581 -0.617909 -31.6492 -0.00161929 0.998716 -0.0506413 -4.77229 0.618638 0.0407882 0.784617 79.0275
0.781369 -0.0300611 -0.623345 -32.2873 -0.0014641 0.998748 -0.0500004 -4.83506 0.624068 0.0399814 0.780347 79.7949
0.776686 -0.0293567 -0.629203 -32.9301 -0.00217909 0.998782 -0.04929 -4.89856 0.629884 0.0396539 0.775676 80.5583
0.770674 -0.0315878 -0.636446 -33.5572 -0.000712449 0.998727 -0.0504311 -4.95591 0.637229 0.0393194 0.769671 81.3351
0.765513 -0.0320695 -0.642621 -34.2073 -0.00116499 0.998686 -0.0512265 -5.02036 0.64342 0.0399632 0.76447 82.0923
0.760076 -0.0329411 -0.648999 -34.8634 -0.00124874 0.998638 -0.0521501 -5.08004 0.649833 0.0404484 0.759 82.8446
0.75438 -0.0344829 -0.655532 -35.5218 -0.000773192 0.998572 -0.0534176 -5.14489 0.656438 0.040804 0.753276 83.5944
0.748727 -0.0362501 -0.661887 -36.2069 0.000181685 0.998515 -0.054481 -5.20837 0.662879 0.0406711 0.747622 84.3201
0.742565 -0.0371441 -0.668743 -36.8782 0.000443819 0.998488 -0.0549664 -5.27168 0.669774 0.0405193 0.741459 85.0586
0.736336 -0.0370239 -0.675603 -37.5639 0.00121245 0.998572 -0.0534016 -5.3329 0.676615 0.0385024 0.73533 85.7839
0.729961 -0.0374983 -0.68246 -38.258 0.00229754 0.998623 -0.0524127 -5.39431 0.683485 0.0366913 0.729042 86.5011
0.723402 -0.0396994 -0.689284 -38.9519 0.00391723 0.998565 -0.0534014 -5.4637 0.690416 0.0359306 0.72252 87.2179
0.716385 -0.0414147 -0.696475 -39.6331 0.00373494 0.99845 -0.0555294 -5.52016 0.697695 0.0371792 0.715429 87.9478
0.710317 -0.0411475 -0.702678 -40.3412 0.00252456 0.998432 -0.0559143 -5.57721 0.703877 0.037943 0.709308 88.6516
0.70462 -0.0406062 -0.708422 -41.0377 0.00203334 0.998473 -0.0552093 -5.64449 0.709582 0.0374611 0.703626 89.366
0.699768 -0.0391859 -0.713295 -41.7424 -4.27611e-05 0.998492 -0.0548956 -5.71417 0.71437 0.0384447 0.698711 90.072
0.694996 -0.0399973 -0.717901 -42.4619 -0.000347155 0.998433 -0.055963 -5.78359 0.719014 0.0391433 0.693893 90.763
0.689669 -0.0417935 -0.722917 -43.1862 -0.00104028 0.998275 -0.058705 -5.85224 0.724124 0.0412391 0.688436 91.4491
0.684311 -0.0453634 -0.727777 -43.9301 0.00124435 0.998134 -0.0610451 -5.92027 0.729189 0.0408683 0.683091 92.1139
0.679436 -0.0461449 -0.732282 -44.681 0.00111333 0.998084 -0.0618615 -5.98631 0.733734 0.0412157 0.678186 92.7711
0.674361 -0.0455708 -0.736994 -45.4228 0.00147659 0.998175 -0.0603694 -6.05795 0.7384 0.0396225 0.673198 93.4379
0.668942 -0.0465423 -0.741857 -46.1731 0.00334941 0.998216 -0.0596055 -6.12703 0.743308 0.0373878 0.667904 94.0953
0.6631 -0.0484309 -0.746962 -46.9089 0.00515589 0.998177 -0.0601419 -6.19561 0.748513 0.0360289 0.662141 94.7691
0.658108 -0.0504157 -0.751234 -47.6633 0.00736591 0.998139 -0.0605329 -6.26177 0.752888 0.0343036 0.657254 95.4221
0.653518 -0.0509649 -0.755193 -48.4083 0.00751045 0.998118 -0.0608597 -6.31997 0.756874 0.0341011 0.652671 96.0866
0.64958 -0.0522899 -0.758493 -49.1797 0.00891804 0.998088 -0.0611699 -6.38492 0.760241 0.0329705 0.648804 96.7197
0.644153 -0.0569846 -0.762771 -49.9281 0.0143202 0.997945 -0.0624604 -6.45971 0.764763 0.029311 0.643645 97.3787
0.640944 -0.0609494 -0.765164 -50.73 0.0173005 0.997736 -0.0649832 -6.55612 0.767393 0.0284129 0.640548 97.9683
0.636307 -0.0644791 -0.768737 -51.4988 0.0208905 0.997576 -0.0663816 -6.63435 0.771153 0.0261798 0.636111 98.603
0.629795 -0.0678953 -0.773788 -52.2712 0.0251177 0.997432 -0.067075 -6.70277 0.776355 0.0228077 0.629883 99.2345
0.621443 -0.0713533 -0.780203 -53.0569 0.0294228 0.997267 -0.0677691 -6.78659 0.782907 0.0191589 0.621844 99.8474
0.612818 -0.0717911 -0.786956 -53.8472 0.0314556 0.997292 -0.0664841 -6.86523 0.789598 0.0159885 0.613417 100.455
0.604546 -0.0694841 -0.793534 -54.6538 0.0305892 0.997479 -0.0640381 -6.94169 0.795982 0.0144405 0.605148 101.041
0.595468 -0.0696082 -0.800357 -55.4623 0.0307411 0.997484 -0.0638811 -7.0242 0.80279 0.0134354 0.59611 101.624
0.586153 -0.071213 -0.807065 -56.2826 0.0302957 0.99736 -0.0660009 -7.09879 0.809634 0.0142361 0.586763 102.191
0.576498 -0.0734075 -0.813794 -57.1076 0.0306645 0.997198 -0.0682283 -7.17358 0.816523 0.0143788 0.577134 102.751
0.566702 -0.0746011 -0.820538 -57.9274 0.0304063 0.997108 -0.0696542 -7.25368 0.823361 0.0145237 0.567331 103.318
0.556707 -0.0752965 -0.82729 -58.7625 0.0331991 0.997105 -0.0684118 -7.33846 0.830046 0.01062 0.557594 103.862
0.546018 -0.0753341 -0.83438 -59.5888 0.0346603 0.997127 -0.0673466 -7.42048 0.837056 0.00785258 0.547061 104.419
0.535992 -0.0752357 -0.840864 -60.4311 0.033162 0.997129 -0.0680789 -7.49969 0.843572 0.008605 0.536948 104.952
0.525529 -0.0762001 -0.847356 -61.2745 0.0327864 0.997055 -0.0693279 -7.5847 0.850144 0.00865201 0.52648 105.482
0.516228 -0.0767084 -0.853009 -62.1489 0.0315166 0.997008 -0.0705844 -7.66707 0.855871 0.00955369 0.517101 105.961
0.506269 -0.0783385 -0.85881 -63.0176 0.0319001 0.996885 -0.0721283 -7.75699 0.861785 0.00912018 0.507191 106.448
0.496505 -0.0779594 -0.864526 -63.8806 0.0306265 0.996912 -0.0723083 -7.84168 0.867494 0.00942405 0.497359 106.946
0.486776 -0.0762717 -0.870191 -64.7374 0.0307713 0.99706 -0.0701786 -7.93301 0.872985 0.00738433 0.487691 107.453
0.478624 -0.0749332 -0.874817 -65.6132 0.0317835 0.997177 -0.0680249 -8.014 0.877444 0.00475362 0.479655 107.929
0.471222 -0.0746977 -0.878846 -66.4937 0.0311736 0.997195 -0.0680421 -8.10384 0.881463 0.00466619 0.472229 108.395
0.463257 -0.0777022 -0.882811 -67.3701 0.0326835 0.996969 -0.0705993 -8.18074 0.885621 0.00385227 0.464393 108.87
0.45614 -0.0808046 -0.886232 -68.2519 0.0345676 0.996726 -0.0730875 -8.26535 0.889237 0.00270322 0.45744 109.334
0.449639 -0.083611 -0.889289 -69.1363 0.0357189 0.996496 -0.0756305 -8.35059 0.892496 0.00224203 0.45105 109.793
0.444628 -0.08694 -0.891486 -70.035 0.0375783 0.996213 -0.0784111 -8.44677 0.894927 0.00136325 0.446211 110.221
0.440242 -0.0880301 -0.893553 -70.9369 0.0406884 0.996116 -0.0780875 -8.53674 0.896957 -0.00197987 0.442114 110.643
0.43566 -0.0859447 -0.895999 -71.8273 0.0437542 0.996276 -0.0742888 -8.63444 0.899047 -0.00683903 0.437798 111.088
0.431284 -0.0834397 -0.89835 -72.7075 0.045866 0.996454 -0.0705322 -8.72785 0.90105 -0.0107843 0.433581 111.553
0.427695 -0.0831164 -0.900093 -73.61 0.0480534 0.996446 -0.0691804 -8.81563 0.902645 -0.0136644 0.430169 111.975
0.424681 -0.0829668 -0.901533 -74.5111 0.0494992 0.99643 -0.0683827 -8.90184 0.903989 -0.0155844 0.427272 112.4
0.422666 -0.0842406 -0.902362 -75.4339 0.0534339 0.996255 -0.0679776 -8.94983 0.904709 -0.0194848 0.425585 112.782
0.419533 -0.0828354 -0.903953 -76.3241 0.0542182 0.996336 -0.066138 -9.04061 0.90612 -0.0212637 0.422487 113.228
0.416958 -0.0846812 -0.904973 -77.2353 0.0577144 0.996108 -0.0666177 -9.10938 0.907092 -0.0244532 0.420222 113.635
0.415161 -0.0850606 -0.905762 -78.1478 0.0602757 0.996004 -0.0659075 -9.1888 0.907749 -0.0272333 0.418629 114.036
0.412143 -0.0847334 -0.907171 -79.0476 0.0643467 0.995887 -0.0637861 -9.26638 0.908844 -0.0320844 0.4159 114.465
0.409169 -0.0829774 -0.908678 -79.9303 0.0641966 0.996007 -0.0620448 -9.347 0.910197 -0.0329472 0.412862 114.928
0.408673 -0.0848562 -0.908728 -80.8549 0.0676895 0.995744 -0.0625404 -9.41807 0.910167 -0.0359527 0.412677 115.302
0.407583 -0.086872 -0.909027 -81.7664 0.0693331 0.995535 -0.0640522 -9.4762 0.910532 -0.036919 0.411786 115.71
0.405947 -0.0890839 -0.909545 -82.6604 0.0692743 0.995374 -0.0665719 -9.52502 0.911267 -0.0359834 0.41024 116.155
0.407936 -0.0892731 -0.908635 -83.5788 0.0670758 0.995449 -0.0676885 -9.60621 0.910543 -0.0333348 0.412068 116.542
0.409155 -0.0885129 -0.908162 -84.4702 0.063362 0.995638 -0.0684921 -9.68524 0.910262 -0.029519 0.412978 116.988
0.413196 -0.0878449 -0.906395 -85.3662 0.0598628 0.995804 -0.0692206 -9.77948 0.908672 -0.0256577 0.416721 117.422
0.416666 -0.0893316 -0.90466 -86.2511 0.0578422 0.995749 -0.0716855 -9.82456 0.907217 -0.0224586 0.420062 117.886
0.420719 -0.0895064 -0.902765 -87.143 0.0584094 0.995729 -0.0715028 -9.91384 0.905309 -0.0226473 0.42415 118.329
0.428707 -0.0876085 -0.899186 -88.0443 0.0542299 0.995988 -0.0711847 -9.9828 0.901815 -0.0182454 0.431738 118.757
0.43663 -0.0865857 -0.895465 -88.9378 0.0527957 0.996108 -0.070574 -10.0593 0.898091 -0.016462 0.439502 119.199
0.44692 -0.0888756 -0.890148 -89.8537 0.0579024 0.99584 -0.0703569 -10.1308 0.892698 -0.0200978 0.450207 119.594
0.454468 -0.0882647 -0.886379 -90.7153 0.0560012 0.995941 -0.0704616 -10.1959 0.889001 -0.0176157 0.457566 120.098
0.463347 -0.0893791 -0.881658 -91.592 0.0568641 0.995849 -0.0710709 -10.289 0.884351 -0.0172042 0.466506 120.57
0.466843 -0.0901222 -0.879736 -92.3844 0.0541502 0.99584 -0.0732806 -10.3721 0.882681 -0.0134273 0.469781 121.174
0.475925 -0.0919656 -0.874664 -93.2288 0.0514361 0.995726 -0.0767069 -10.4156 0.877981 -0.00848265 0.478621 121.708
0.482404 -0.0910353 -0.871205 -94.0372 0.0501202 0.995824 -0.0763045 -10.4926 0.874514 -0.00685535 0.484953 122.292
0.495714 -0.0887773 -0.863936 -94.9102 0.0491523 0.996035 -0.0741487 -10.5788 0.867094 -0.00570786 0.498112 122.772
0.508285 -0.0856141 -0.856922 -95.7622 0.0471779 0.99632 -0.0715575 -10.6664 0.859895 -0.00405614 0.510454 123.288
0.520878 -0.0857 -0.849319 -96.6246 0.0486287 0.996311 -0.0707088 -10.7446 0.852245 -0.0044706 0.523124 123.788
0.531977 -0.0863232 -0.842347 -97.4632 0.0481437 0.996264 -0.0716918 -10.8196 0.845389 -0.00241535 0.534145 124.328
0.543069 -0.0891661 -0.83494 -98.3129 0.0510084 0.996013 -0.0731902 -10.8955 0.838137 -0.00284161 0.545452 124.85
0.555359 -0.0899603 -0.826731 -99.1484 0.0511447 0.995945 -0.0740166 -10.9718 0.830037 -0.00117713 0.557708 125.394
0.559662 -0.0903937 -0.823777 -99.9045 0.0514121 0.995906 -0.074353 -11.0412 0.827125 -0.000739612 0.562018 126.044
0.57072 -0.0887005 -0.81634 -100.731 0.0518546 0.996058 -0.0719754 -11.1313 0.819506 -0.00125319 0.573069 126.6
0.581326 -0.0868437 -0.809023 -101.556 0.0549617 0.996208 -0.067444 -11.2351 0.811812 -0.00525826 0.583895 127.155
0.591781 -0.0856192 -0.801539 -102.363 0.055195 0.996313 -0.0656739 -11.3265 0.804207 -0.0053764 0.594325 127.739
0.602493 -0.0844214 -0.793646 -103.168 0.0524857 0.996429 -0.0661474 -11.4194 0.796396 -0.00180173 0.604773 128.324
0.612048 -0.08498 -0.786241 -103.973 0.0520346 0.996383 -0.0671866 -11.4961 0.789107 0.000209686 0.614256 128.913
0.623392 -0.084005 -0.777384 -104.785 0.0518224 0.996465 -0.0661223 -11.5872 0.78019 0.000934267 0.625542 129.489
0.63336 -0.0844187 -0.769239 -105.578 0.0555872 0.996427 -0.0635829 -11.6628 0.771858 -0.00248891 0.63579 130.095
0.642004 -0.0809857 -0.762412 -106.325 0.0536869 0.996713 -0.0606658 -11.7478 0.764819 -0.00198385 0.644242 130.754
0.650748 -0.0781031 -0.755266 -107.081 0.0506735 0.996945 -0.0594345 -11.8287 0.757601 0.000404895 0.652718 131.404
0.658933 -0.0758326 -0.748369 -107.83 0.0475116 0.997115 -0.0592044 -11.9057 0.750699 0.00345553 0.660635 132.061
0.66685 -0.074097 -0.741499 -108.572 0.0459903 0.99724 -0.0582925 -11.987 0.743771 0.00477059 0.668417 132.727
0.674546 -0.0702257 -0.734885 -109.304 0.0436539 0.997518 -0.0552532 -12.0537 0.736941 0.00519021 0.675937 133.405
0.681854 -0.0694156 -0.728187 -110.032 0.0459665 0.997586 -0.0520547 -12.1368 0.730043 0.00202149 0.683399 134.086
0.688719 -0.0686753 -0.721769 -110.736 0.046313 0.997638 -0.0507315 -12.2024 0.723548 0.00151248 0.690273 134.792
0.696267 -0.0675746 -0.714595 -111.443 0.0453714 0.997711 -0.0501393 -12.265 0.716348 0.00248809 0.697739 135.497
0.704182 -0.0650005 -0.707038 -112.145 0.0434477 0.997879 -0.0484664 -12.3317 0.708689 0.00340995 0.705513 136.206
0.713797 -0.0632277 -0.697492 -112.868 0.0444688 0.997999 -0.0449603 -12.4076 0.698939 0.00107587 0.715181 136.892
0.723833 -0.0580133 -0.687532 -113.559 0.0410482 0.998315 -0.0410213 -12.4744 0.688753 0.00147063 0.724994 137.612
0.734709 -0.056143 -0.676055 -114.255 0.0398902 0.998421 -0.0395627 -12.5376 0.677208 0.00209911 0.735788 138.328
0.744657 -0.0546016 -0.66521 -114.894 0.0376375 0.998498 -0.0398259 -12.5928 0.666385 0.00461979 0.745594 139.095
0.754503 -0.0532435 -0.654133 -115.507 0.0349151 0.998549 -0.0410049 -12.6593 0.655367 0.00809919 0.755267 139.882
0.765058 -0.0529669 -0.64178 -116.159 0.0356509 0.998567 -0.0399141 -12.7128 0.642974 0.00765658 0.76585 140.638
0.7762 -0.0486522 -0.628606 -116.802 0.0320615 0.998774 -0.0377126 -12.7769 0.629671 0.00911844 0.776809 141.401
0.786894 -0.0457737 -0.615389 -117.42 0.0313752 0.998923 -0.0341823 -12.8338 0.61629 0.00758985 0.787482 142.186
0.796732 -0.0448884 -0.602663 -118.014 0.0325544 0.998978 -0.0313696 -12.8858 0.603455 0.00537384 0.797379 142.988
0.806818 -0.0423757 -0.589278 -118.63 0.0320343 0.999095 -0.027986 -12.936 0.589931 0.00370247 0.807445 143.775
0.815315 -0.0408582 -0.577574 -119.201 0.032037 0.999162 -0.0254578 -12.9867 0.57813 0.00225242 0.815942 144.594
0.823004 -0.0411818 -0.566541 -119.778 0.0337903 0.999152 -0.0235417 -13.03 0.56703 0.000231275 0.823697 145.41
0.830502 -0.0398842 -0.555586 -120.352 0.0327916 0.999204 -0.0227128 -13.0758 0.55605 0.000644501 0.831149 146.228
0.838051 -0.038573 -0.544227 -120.92 0.0315124 0.999255 -0.0222983 -13.1187 0.544681 0.00153723 0.838642 147.049
0.845117 -0.0377071 -0.53325 -121.47 0.0313586 0.999288 -0.0209632 -13.1615 0.533661 0.000994415 0.845698 147.883
0.85166 -0.0370129 -0.522786 -121.99 0.0311001 0.999314 -0.0200863 -13.1992 0.523171 0.000848059 0.852228 148.737
0.857602 -0.0379727 -0.51291 -122.489 0.0324202 0.999279 -0.0197729 -13.2345 0.513291 0.000328622 0.858215 149.602
0.862994 -0.0388921 -0.503716 -122.982 0.0330778 0.999243 -0.0204813 -13.2695 0.504131 0.00101337 0.863627 150.472
0.867888 -0.0397242 -0.495169 -123.494 0.0338667 0.99921 -0.0208016 -13.3003 0.495604 0.00128366 0.868547 151.33
0.871737 -0.0383951 -0.488468 -123.99 0.032911 0.999262 -0.0198109 -13.3339 0.488868 0.00119388 0.872357 152.198
0.875048 -0.0368423 -0.482631 -124.471 0.0331717 0.999319 -0.0161415 -13.3601 0.482898 -0.00188514 0.875675 153.074
0.878514 -0.0323859 -0.476618 -124.952 0.0304955 0.999466 -0.0117032 -13.3852 0.476742 -0.00425322 0.879033 153.951
0.882401 -0.0272616 -0.469707 -125.412 0.0263534 0.999616 -0.00850926 -13.4015 0.469759 -0.0048698 0.882781 154.838
0.88607 -0.0240943 -0.462926 -125.884 0.0239248 0.999694 -0.00623833 -13.4126 0.462934 -0.00554782 0.886375 155.72
0.889694 -0.0206891 -0.456088 -126.342 0.0214164 0.999764 -0.00357434 -13.4287 0.456054 -0.00658768 0.889928 156.609
0.893026 -0.0217651 -0.449478 -126.781 0.0241411 0.999708 -0.000445133 -13.4454 0.449356 -0.0104534 0.893291 157.507
0.896626 -0.0221866 -0.442233 -127.229 0.0255488 0.999672 0.00164705 -13.4536 0.442051 -0.0127753 0.896899 158.401
0.90041 -0.0227105 -0.43445 -127.672 0.0266201 0.999641 0.00291547 -13.4679 0.434228 -0.0141902 0.900691 159.297
0.904279 -0.0236 -0.42629 -128.108 0.0276338 0.999613 0.00327907 -13.4784 0.426048 -0.0147452 0.904581 160.197
0.908217 -0.0280582 -0.417558 -128.539 0.0322638 0.999475 0.00301534 -13.4844 0.417254 -0.0162106 0.908645 161.1
0.912607 -0.0283286 -0.407856 -128.946 0.031941 0.999488 0.00204847 -13.4902 0.407589 -0.0148968 0.913044 162.013
0.917234 -0.0301625 -0.397205 -129.344 0.0329636 0.999457 0.00022468 -13.4992 0.396982 -0.0132994 0.91773 162.931
0.922848 -0.0296275 -0.384024 -129.739 0.0319588 0.999489 -0.000310601 -13.5019 0.383837 -0.0119863 0.923323 163.849
0.929284 -0.0276163 -0.368333 -130.118 0.030278 0.99954 0.00144764 -13.5162 0.368124 -0.0124977 0.929693 164.774
0.936335 -0.0245749 -0.350248 -130.48 0.0280948 0.999593 0.0049713 -13.5224 0.349983 -0.0144949 0.936644 165.707
0.943697 -0.0210607 -0.330141 -130.847 0.0248321 0.999666 0.00720974 -13.5278 0.329879 -0.0150019 0.943904 166.637
0.950942 -0.0164472 -0.308931 -131.137 0.0200987 0.999761 0.00864091 -13.5207 0.308715 -0.0144261 0.951045 167.594
0.957562 -0.016493 -0.287755 -131.433 0.0204738 0.999732 0.0108299 -13.5311 0.287499 -0.0162617 0.957643 168.549
0.963724 -0.0156897 -0.266438 -131.717 0.0202042 0.999695 0.0142111 -13.5369 0.266133 -0.0190787 0.963747 169.508
0.969672 -0.011252 -0.244151 -131.979 0.0162583 0.999697 0.0184992 -13.5386 0.243869 -0.0219076 0.969561 170.473
0.974996 -0.00907646 -0.222037 -132.215 0.0145796 0.999625 0.0231584 -13.5236 0.221743 -0.0258165 0.974763 171.444
0.979739 -0.00792964 -0.200124 -132.416 0.0135902 0.999545 0.0269275 -13.5067 0.199819 -0.0291016 0.979401 172.424
0.984108 -0.00481973 -0.177504 -132.63 0.00980211 0.999582 0.0272029 -13.4812 0.177298 -0.0285106 0.983744 173.4
0.987774 -0.00627553 -0.155769 -132.798 0.0103947 0.999617 0.0256434 -13.465 0.155548 -0.026949 0.987461 174.386
0.990874 -0.00505651 -0.134698 -132.942 0.00851255 0.999649 0.025094 -13.4478 0.134524 -0.0260116 0.990569 175.375
0.993337 -0.00761029 -0.114995 -133.063 0.0108451 0.999562 0.0275309 -13.4359 0.114735 -0.0285946 0.992985 176.368
0.995534 -0.00524185 -0.0942614 -133.238 0.00806829 0.999528 0.0296291 -13.4264 0.0940616 -0.0302573 0.995106 177.353
0.997213 -0.00496239 -0.0744361 -133.294 0.00729119 0.999491 0.0310467 -13.4127 0.0742442 -0.031503 0.996742 178.351
0.998517 -0.00323061 -0.0543415 -133.333 0.00498419 0.99947 0.0321651 -13.3909 0.0542088 -0.0323882 0.998004 179.35
0.999486 0.00132833 -0.0320224 -133.46 -0.000290119 0.999475 0.0324042 -13.3589 0.0320486 -0.0323782 0.998962 180.341
0.999923 0.00474363 -0.0114747 -133.482 -0.00436964 0.999465 0.032401 -13.348 0.0116222 -0.0323484 0.999409 181.341
0.999931 0.00731885 0.00922211 -133.514 -0.00760613 0.999474 0.0315106 -13.3306 -0.00898664 -0.0315785 0.999461 182.34
0.999487 0.0106588 0.0301997 -133.543 -0.0115467 0.999502 0.029381 -13.323 -0.0298715 -0.0297146 0.999112 183.34
0.998653 0.0141578 0.0499221 -133.537 -0.0155213 0.999514 0.0270304 -13.3097 -0.0495152 -0.0277689 0.998387 184.34
0.997485 0.0136097 0.0695647 -133.538 -0.0154242 0.999553 0.0256139 -13.2988 -0.069185 -0.0266225 0.997249 185.34
0.995998 0.0139753 0.0882791 -133.436 -0.0160331 0.999615 0.0226444 -13.2813 -0.0879286 -0.0239692 0.995838 186.334
0.994177 0.0146788 0.106752 -133.319 -0.0166268 0.999711 0.017381 -13.2636 -0.106466 -0.0190547 0.994134 187.327
0.991896 0.0194795 0.125554 -133.233 -0.020987 0.999723 0.0106957 -13.268 -0.125311 -0.013244 0.992029 188.324
0.989402 0.0224839 0.143454 -133.105 -0.0235093 0.999709 0.00545682 -13.2592 -0.143289 -0.00877149 0.989642 189.315
0.98683 0.0223307 0.160214 -132.934 -0.0228136 0.999739 0.0011749 -13.2623 -0.160146 -0.00481449 0.987082 190.301
0.983559 0.0265457 0.178623 -132.779 -0.0266305 0.999643 -0.00192377 -13.269 -0.17861 -0.00286467 0.983916 191.288
0.98036 0.0244479 0.195696 -132.589 -0.0245964 0.999696 -0.00167163 -13.2795 -0.195677 -0.00317461 0.980663 192.27
0.97613 0.0301139 0.215091 -132.483 -0.0302981 0.999538 -0.00244172 -13.3195 -0.215065 -0.0041334 0.976591 193.264
0.972401 0.0288208 0.23153 -132.258 -0.0279823 0.999585 -0.00690575 -13.352 -0.231633 0.000236435 0.972803 194.238
0.968578 0.0269664 0.247245 -132.016 -0.0251778 0.999629 -0.0103934 -13.3835 -0.247433 0.0038417 0.968897 195.207
0.963952 0.0299952 0.264381 -131.761 -0.0281688 0.999546 -0.0106972 -13.3975 -0.264582 0.00286431 0.964359 196.174
0.959816 0.0254063 0.279477 -131.43 -0.022816 0.999661 -0.012518 -13.4 -0.279701 0.00563838 0.960071 197.118
0.954587 0.0268378 0.296721 -131.147 -0.0233677 0.999611 -0.0152359 -13.4191 -0.297014 0.00761034 0.954843 198.077
0.949543 0.0220146 0.312864 -130.858 -0.0169094 0.999676 -0.0190218 -13.44 -0.313182 0.0127717 0.949607 199.034
0.94347 0.0235057 0.330623 -130.558 -0.0175862 0.999627 -0.0208845 -13.4728 -0.330991 0.0138895 0.943532 199.987
0.937003 0.0241296 0.348487 -130.228 -0.016319 0.999546 -0.0253315 -13.5229 -0.34894 0.0180487 0.936971 200.93
0.92952 0.0260103 0.367854 -129.923 -0.0155853 0.999389 -0.0312831 -13.5498 -0.368443 0.0233452 0.929357 201.882
0.920323 0.0311971 0.389914 -129.56 -0.0193143 0.999223 -0.03436 -13.5998 -0.390683 0.0240913 0.92021 202.812
0.910078 0.0315189 0.413237 -129.166 -0.0184648 0.999197 -0.0355465 -13.6392 -0.414026 0.0247197 0.909929 203.731
0.898968 0.0316175 0.436872 -128.72 -0.016516 0.999129 -0.038324 -13.6738 -0.437703 0.0272367 0.898707 204.625
0.886085 0.0360539 0.462119 -128.288 -0.0192302 0.998971 -0.0410657 -13.7265 -0.463124 0.027501 0.885867 205.526
0.872507 0.0393437 0.487015 -127.838 -0.0205756 0.998827 -0.0438287 -13.7752 -0.488168 0.0282203 0.872293 206.417
0.858281 0.0424411 0.511422 -127.348 -0.0222474 0.998715 -0.0455437 -13.8374 -0.512697 0.0277115 0.858122 207.287
0.845203 0.0416427 0.532821 -126.787 -0.0192276 0.998684 -0.0475519 -13.8964 -0.534099 0.0299462 0.844891 208.112
0.829824 0.045864 0.556137 -126.249 -0.0202306 0.998434 -0.0521533 -13.9533 -0.557658 0.0320271 0.829453 208.953
0.815568 0.0467162 0.576772 -125.661 -0.0171007 0.998246 -0.0566732 -14.0243 -0.578408 0.0363577 0.814937 209.759
0.800259 0.0492827 0.597626 -125.066 -0.0171353 0.998089 -0.0593614 -14.0949 -0.599409 0.037264 0.799575 210.56
0.784859 0.050752 0.617592 -124.473 -0.0152672 0.997922 -0.0626042 -14.1567 -0.619486 0.0397066 0.784003 211.363
0.770946 0.0472937 0.635142 -123.834 -0.00866048 0.997925 -0.0637949 -14.2293 -0.636842 0.0436818 0.769756 212.128
0.757829 0.0440257 0.650967 -123.175 -0.00276265 0.997928 -0.0642751 -14.3206 -0.652448 0.0469111 0.75638 212.875
0.742063 0.0475778 0.668639 -122.536 -0.00368386 0.997752 -0.0669079 -14.3885 -0.67032 0.0471867 0.740571 213.641
0.727614 0.0504636 0.684128 -121.859 -0.00359457 0.997557 -0.0697601 -14.4673 -0.685978 0.0482993 0.726018 214.373
0.712071 0.0560838 0.699864 -121.178 -0.00588727 0.997246 -0.0739247 -14.5458 -0.702083 0.0485193 0.71044 215.101
0.708869 0.0585859 0.702903 -120.284 -0.00800161 0.997148 -0.0750412 -14.6346 -0.705295 0.04757 0.707316 215.541
0.694001 0.0602639 0.717447 -119.579 -0.00850421 0.997107 -0.0755285 -14.7208 -0.719923 0.0463156 0.692506 216.244
0.678264 0.0641665 0.732011 -118.858 -0.0129524 0.997069 -0.0753995 -14.8085 -0.734704 0.0416595 0.677108 216.931
0.660218 0.0665976 0.748115 -118.146 -0.0162917 0.997097 -0.0743845 -14.8886 -0.750897 0.0369219 0.659387 217.629
0.646772 0.0613399 0.760213 -117.362 -0.0105973 0.997387 -0.071461 -15.0045 -0.76261 0.0381628 0.645732 218.239
0.630117 0.0610005 0.774101 -116.615 -0.0101588 0.997472 -0.0703332 -15.0924 -0.776434 0.0364542 0.629143 218.898
0.61451 0.0627658 0.786408 -115.817 -0.00984916 0.997363 -0.0719065 -15.191 -0.788847 0.0364418 0.613508 219.492
0.592868 0.0738654 0.801905 -115.059 -0.0215864 0.996884 -0.075866 -15.2689 -0.80501 0.0276682 0.592615 220.14
0.574419 0.0770854 0.814924 -114.23 -0.025553 0.996759 -0.076274 -15.3387 -0.818162 0.0229895 0.574527 220.695
0.554417 0.0765646 0.82871 -113.402 -0.0279816 0.996911 -0.0733847 -15.4361 -0.831769 0.0174971 0.554847 221.247
0.537225 0.0713664 0.840414 -112.548 -0.0208197 0.997232 -0.0713743 -15.5252 -0.843182 0.0208469 0.537224 221.76
0.51821 0.0689133 0.852473 -111.684 -0.0193942 0.997439 -0.0688428 -15.6147 -0.855034 0.019142 0.518219 222.254
0.496721 0.0662488 0.865378 -110.817 -0.0151509 0.997592 -0.0676739 -15.7048 -0.867778 0.0205038 0.496529 222.746
0.480214 0.0635379 0.874847 -109.921 -0.00616674 0.997593 -0.0690676 -15.7709 -0.87713 0.0277723 0.47945 223.185
0.463717 0.0622554 0.883794 -108.974 0.000951482 0.997493 -0.0707637 -15.8254 -0.885983 0.0336552 0.462495 223.501
0.443433 0.0623675 0.894135 -108.093 0.00431284 0.997416 -0.0717104 -15.9141 -0.896297 0.0356551 0.442019 223.965
0.424423 0.060228 0.903459 -107.192 0.0104882 0.997391 -0.071417 -16.0211 -0.905403 0.0397867 0.422684 224.385
0.405762 0.0562517 0.912246 -106.283 0.016544 0.997489 -0.0688667 -16.1277 -0.913829 0.0430357 0.403812 224.789
0.384807 0.0574718 0.921206 -105.377 0.0149425 0.997541 -0.0684759 -16.2167 -0.922876 0.0401152 0.383002 225.201
0.364346 0.0664917 0.928887 -104.466 0.00389802 0.99733 -0.07292 -16.2948 -0.931255 0.0301889 0.363114 225.607
0.346089 0.0754154 0.935166 -103.53 0.00302991 0.996669 -0.0814966 -16.3991 -0.938197 0.0310385 0.344707 225.945
0.323831 0.0841112 0.942369 -102.629 -0.0016951 0.99609 -0.0883236 -16.5139 -0.946113 0.0270045 0.322707 226.362
0.305105 0.0845286 0.94856 -101.712 0.00507798 0.995894 -0.09038 -16.6162 -0.952305 0.0323922 0.303423 226.748
0.285131 0.086 0.954623 -100.768 0.00120425 0.995934 -0.0900813 -16.7285 -0.958488 0.0268346 0.283868 227.056
0.265642 0.0858894 0.960238 -99.8196 -0.00165367 0.996063 -0.0886363 -16.8459 -0.96407 0.0219576 0.264738 227.352
0.246589 0.086821 0.965223 -98.8594 -0.0029276 0.996041 -0.0888451 -16.9329 -0.969116 0.0190825 0.245867 227.618
0.22772 0.0852469 0.969988 -97.8968 -0.00269153 0.996212 -0.0869197 -17.0362 -0.973723 0.0171826 0.227087 227.868
0.209547 0.0853542 0.974066 -96.9248 -0.00177245 0.996214 -0.0869137 -17.1395 -0.977797 0.016486 0.208905 228.079
0.190688 0.0863381 0.977847 -95.9566 -0.00117875 0.996144 -0.0877238 -17.2366 -0.98165 0.0155752 0.190054 228.31
0.171125 0.0895014 0.981176 -94.9889 -0.00424467 0.995923 -0.0901063 -17.3571 -0.98524 0.0112547 0.170808 228.531
0.151852 0.0913446 0.984173 -94.0126 -0.00485542 0.995777 -0.0916725 -17.4607 -0.988391 0.00914209 0.151654 228.721
0.134897 0.0887705 0.986875 -93.0291 -0.00675062 0.996038 -0.088672 -17.5693 -0.990837 0.00529956 0.134962 228.866
0.119908 0.0849715 0.989142 -92.0395 -0.00847411 0.996382 -0.0845661 -17.6667 -0.992749 0.00175807 0.120194 228.971
0.106382 0.0811138 0.991011 -91.0488 -0.00799906 0.996705 -0.0807211 -17.761 -0.994293 0.000660151 0.106681 229.07
0.0930788 0.0776583 0.992626 -90.0614 -0.00673668 0.99698 -0.0773673 -17.8717 -0.995636 0.000514257 0.0933209 229.183
0.082082 0.0782396 0.99355 -89.0701 -0.00683167 0.996935 -0.0779417 -17.9636 -0.996602 -0.000389997 0.0823649 229.277
0.0744302 0.0802971 0.993988 -88.0784 -0.00525089 0.996771 -0.0801287 -18.068 -0.997212 0.000744675 0.0746114 229.352
0.0679538 0.0828451 0.994243 -87.0845 -0.00682853 0.996562 -0.0825716 -18.1534 -0.997665 -0.00117816 0.0682859 229.422
0.0628396 0.0867729 0.994244 -86.0929 -0.00685613 0.996227 -0.0865126 -18.2716 -0.998 -0.00138025 0.0631975 229.474
0.0574126 0.0955707 0.993766 -85.1012 -0.00683916 0.995422 -0.0953348 -18.3837 -0.998327 -0.0013231 0.0578034 229.537
0.0535667 0.098202 0.993724 -84.1085 -0.00639164 0.995166 -0.098 -18.4859 -0.998544 -0.00110199 0.0539355 229.601
0.0501177 0.0897606 0.994702 -83.1161 -0.00497234 0.995963 -0.089624 -18.5952 -0.998731 -0.000454249 0.0503617 229.658
0.0481286 0.0801438 0.995621 -82.1222 -0.00308643 0.996783 -0.0800881 -18.6949 -0.998836 0.000781618 0.0482212 229.705
0.0469219 0.0762245 0.995986 -81.1289 -0.00210982 0.99709 -0.0762095 -18.7983 -0.998896 0.00147454 0.0469462 229.757
0.0476886 0.0780965 0.995805 -80.1343 -0.00179222 0.996944 -0.0781001 -18.8933 -0.998861 0.00193978 0.0476828 229.799
0.0489469 0.0813863 0.99548 -79.1396 -0.000390341 0.996676 -0.0814649 -18.9851 -0.998801 0.00359888 0.048816 229.844
0.0509496 0.0835506 0.9952 -78.1466 -0.00244266 0.996502 -0.0835349 -19.0915 -0.998698 0.00182513 0.0509754 229.895
0.0539757 0.0844098 0.994968 -77.1521 -0.00323323 0.99643 -0.0843584 -19.1861 -0.998537 0.00133634 0.0540559 229.941
0.0578777 0.0863441 0.994583 -76.1571 -0.00317049 0.996264 -0.0863055 -19.2784 -0.998319 0.00184185 0.0579352 229.978
0.0614262 0.0875729 0.994262 -75.165 -0.00670146 0.996157 -0.0873258 -19.3823 -0.998089 -0.00129892 0.061777 230.048
0.0676707 0.088926 0.993737 -74.1701 -0.00538026 0.996038 -0.0887655 -19.4696 -0.997693 0.00066027 0.0678811 230.1
0.0737801 0.0878264 0.9934 -73.1805 -0.00651009 0.996136 -0.0875848 -19.5875 -0.997253 -5.10941e-06 0.0740668 230.183
0.0816968 0.086355 0.992909 -72.1851 -0.000844353 0.996245 -0.0865757 -19.673 -0.996657 0.00623459 0.0814629 230.225
0.0888182 0.0854436 0.992376 -71.1945 0.000384094 0.996311 -0.0858167 -19.77 -0.996048 0.00800325 0.0884577 230.321
0.0962343 0.0865963 0.991585 -70.2013 0.000152126 0.996207 -0.0870148 -19.8529 -0.995359 0.00852465 0.0958561 230.403
0.102812 0.0866237 0.990922 -69.2131 -0.000382114 0.996204 -0.0870459 -19.9505 -0.994701 0.0085707 0.102455 230.521
0.1104 0.0858016 0.990177 -68.2223 -0.000681178 0.996273 -0.0862539 -20.0473 -0.993887 0.00884793 0.110047 230.616
0.116743 0.083767 0.989623 -67.2373 -0.00163949 0.996452 -0.0841516 -20.1522 -0.993161 0.00820165 0.116466 230.753
0.123821 0.0821641 0.988897 -66.2501 -0.00118838 0.996578 -0.0826535 -20.2535 -0.992304 0.00905905 0.123495 230.876
0.131645 0.082833 0.98783 -65.2616 -0.000314355 0.996506 -0.0835186 -20.3503 -0.991297 0.0106843 0.131211 230.992
0.138939 0.0850293 0.986644 -64.2758 0.000728491 0.996298 -0.0859639 -20.4505 -0.990301 0.0126625 0.138363 231.127
0.145725 0.0867838 0.985511 -63.2905 0.000622058 0.996137 -0.0878114 -20.5458 -0.989325 0.0134093 0.145108 231.268
0.152188 0.0887719 0.984357 -62.3095 -0.00115694 0.995973 -0.0896407 -20.6515 -0.988351 0.0125034 0.151678 231.431
0.158637 0.0894588 0.983276 -61.3289 -0.00285365 0.995924 -0.0901491 -20.7493 -0.987333 0.0114951 0.158246 231.601
0.164995 0.0892093 0.982252 -60.3524 -0.00354943 0.995948 -0.089857 -20.8509 -0.986288 0.0113395 0.164643 231.791
0.171465 0.0867945 0.981359 -59.3747 -0.00401828 0.996165 -0.0874019 -20.9569 -0.985182 0.011043 0.171156 231.973
0.178222 0.0856376 0.980257 -58.394 -0.00406324 0.996261 -0.086297 -21.051 -0.983982 0.011397 0.177904 232.144
0.184522 0.0849625 0.979149 -57.4193 -0.00428634 0.996317 -0.0856444 -21.1568 -0.982819 0.0116063 0.184207 232.341
0.191758 0.086254 0.977645 -56.4446 -0.00316143 0.99618 -0.0872692 -21.2552 -0.981437 0.0136438 0.191298 232.542
0.200297 0.0857449 0.975976 -55.4707 0.00176214 0.99613 -0.0878771 -21.3651 -0.979734 0.0193214 0.199371 232.74
0.208552 0.087469 0.974092 -54.4984 0.00208018 0.995951 -0.0898771 -21.4682 -0.978009 0.0207704 0.207526 232.95
0.216842 0.0900216 0.972047 -53.5357 0.00144586 0.995708 -0.0925354 -21.5664 -0.976206 0.0214711 0.215782 233.202
0.226151 0.0909573 0.969836 -52.5683 0.00149211 0.995597 -0.0937212 -21.673 -0.974091 0.0226422 0.22502 233.432
0.232533 0.0903969 0.968378 -51.6138 -0.000528196 0.995683 -0.0928189 -21.7781 -0.972588 0.021072 0.231577 233.711
