0.99999 0.00135895 0.00430378 0.00494351 -0.00136155 0.999999 0.00060076 0.0660478 -0.00430296 -0.000606613 0.999991 0.997804
0.999908 0.00519264 0.0125691 0.00957448 -0.00520232 0.999986 0.000737533 0.141333 -0.0125651 -0.000802853 0.999921 1.99496
0.999316 0.00722294 0.0362586 0.114989 -0.00726693 0.999973 0.0010817 0.245873 -0.0362498 -0.00134445 0.999342 2.98387
0.998977 0.00556025 0.0448842 0.295901 -0.0055917 0.999984 0.000575103 0.314996 -0.0448803 -0.000825493 0.998992 3.96494
0.998986 0.00455605 0.044785 0.441637 -0.00454198 0.99999 -0.000415796 0.385529 -0.0447865 0.000211962 0.998997 4.95175
0.999117 0.00288625 0.0419237 0.603165 -0.00284373 0.999995 -0.00107378 0.450204 -0.0419267 0.000953611 0.99912 5.93649
0.999353 0.00283049 0.0358476 0.784711 -0.00278482 0.999995 -0.00132377 0.526924 -0.0358512 0.00122309 0.999356 6.91688
0.999911 0.00153605 0.0132465 0.931985 -0.00150046 0.999995 -0.00269653 0.587348 -0.0132506 0.00267641 0.999909 7.90413
0.999877 -0.000987481 -0.0156391 1.05652 0.000912622 0.999988 -0.00479309 0.680547 0.0156437 0.00477823 0.999866 8.89196
0.99984 -0.0157459 -0.00853933 0.189408 0.0158826 0.999743 0.016179 0.508915 0.00828238 -0.0163121 0.999833 9.35957
0.999876 -0.0144201 -0.00636635 0.213622 0.014515 0.99978 0.0151333 0.601613 0.00614672 -0.0152238 0.999865 10.355
0.999912 -0.0132377 -0.000327973 0.241729 0.0132413 0.999775 0.0165676 0.70764 0.000108583 -0.0165705 0.999863 11.3489
0.999914 -0.0126756 0.00330688 0.315936 0.0126146 0.999761 0.0178551 0.812259 -0.00353241 -0.0178118 0.999835 12.3407
0.999851 -0.0153109 0.00793322 0.342453 0.0151462 0.999677 0.0204222 0.918862 -0.00824334 -0.020299 0.99976 13.3346
0.999792 -0.0161173 0.0125293 0.379264 0.0158464 0.999645 0.021428 1.0147 -0.0128702 -0.0212249 0.999692 14.3293
0.99981 -0.0162741 0.010691 0.411277 0.0160359 0.999629 0.0219967 1.11287 -0.011045 -0.0218211 0.999701 15.324
0.999787 -0.0170725 0.0116293 0.519288 0.0167884 0.999569 0.0240998 1.20447 -0.0120358 -0.0238994 0.999642 16.3139
0.999789 -0.0152547 0.0137632 0.56731 0.0149033 0.999569 0.0252848 1.33034 -0.014143 -0.0250743 0.999586 17.3048
0.999777 -0.0157657 0.0140656 0.705254 0.0154115 0.99957 0.0249443 1.42214 -0.0144528 -0.024722 0.99959 18.291
0.999703 -0.0187198 0.0156049 0.763556 0.0183567 0.999565 0.0230949 1.49725 -0.0160304 -0.0228016 0.999611 19.2864
0.999738 -0.016631 0.0157252 0.815788 0.0162607 0.999594 0.023389 1.6034 -0.0161078 -0.0231271 0.999603 20.2794
0.999666 -0.0168663 0.019592 0.891352 0.0164379 0.999627 0.0218261 1.66938 -0.0199529 -0.0214968 0.99957 21.2744
0.999537 -0.0185447 0.0241178 0.95718 0.0180844 0.999653 0.0191629 1.75844 -0.0244648 -0.0187179 0.999525 22.2682
0.999438 -0.0201922 0.0267661 1.00325 0.0197527 0.999667 0.0165861 1.84481 -0.0270921 -0.016048 0.999504 23.2634
0.999402 -0.0216177 0.0269792 1.02535 0.0211703 0.999635 0.016762 1.93499 -0.0273317 -0.0161808 0.999495 24.2591
0.999348 -0.0223455 0.0283504 1.03955 0.0218769 0.999621 0.0167333 2.03163 -0.0287136 -0.0161022 0.999458 25.2543
0.999278 -0.022665 0.0304961 1.1437 0.0221933 0.99963 0.0157193 2.12901 -0.0308411 -0.0150312 0.999411 26.2441
0.999385 -0.0210501 0.0280463 1.2871 0.0205917 0.999651 0.0165313 2.31346 -0.0283845 -0.0159436 0.99947 27.2164
0.999547 -0.0202279 0.0222975 1.35672 0.0198421 0.999652 0.0173917 2.41826 -0.0226415 -0.0169414 0.9996 28.2085
0.999478 -0.0214011 0.0242141 1.41363 0.0210038 0.999642 0.0165449 2.5098 -0.0245595 -0.0160276 0.99957 29.2027
0.999237 -0.0221022 0.0322001 1.53211 0.0216003 0.999641 0.0158522 2.59967 -0.0325389 -0.0151446 0.999356 30.1915
0.999229 -0.0228721 0.0319076 1.58497 0.0223962 0.999634 0.0151944 2.69324 -0.0322435 -0.0144681 0.999375 31.1857
0.999338 -0.0259936 0.0254659 1.64065 0.0255821 0.999539 0.0163546 2.81049 -0.0258793 -0.0156923 0.999542 32.1773
0.999577 -0.0253897 0.0141533 1.80953 0.0251527 0.999544 0.0166792 2.91193 -0.0145704 -0.0163162 0.999761 33.1577
0.999605 -0.027417 0.00623514 1.8787 0.0273118 0.999493 0.0163729 3.02406 -0.00668088 -0.0161961 0.999847 34.149
0.999643 -0.0267252 -0.000632202 1.9019 0.0267323 0.999482 0.017897 3.1159 0.000153572 -0.0179075 0.99984 35.1445
0.999606 -0.0277603 0.004101 1.93785 0.0276821 0.999454 0.0180405 3.19879 -0.00459957 -0.0179199 0.999829 36.1404
0.99956 -0.0277776 0.0103642 1.99221 0.0275904 0.999461 0.0177934 3.28829 -0.0108528 -0.0174997 0.999788 37.1349
0.999503 -0.0271082 0.0161117 2.01273 0.0268489 0.99951 0.016102 3.37711 -0.0165403 -0.0156614 0.999741 38.1307
0.999369 -0.0285447 0.0211537 2.07421 0.0282584 0.999507 0.0137118 3.46193 -0.0215346 -0.0131053 0.999682 39.1252
0.999424 -0.0289817 0.0176372 2.13434 0.0287366 0.999489 0.0139944 3.55932 -0.0180338 -0.0134795 0.999747 40.1187
0.999459 -0.0309049 0.0112606 2.18681 0.030746 0.999429 0.0140183 3.65241 -0.0116874 -0.0136645 0.999838 41.1129
0.999526 -0.0305731 0.00367956 2.27601 0.0305179 0.999433 0.0142185 3.74155 -0.00411217 -0.0140995 0.999892 42.1049
0.999567 -0.0292932 0.00281595 2.30784 0.0292477 0.999459 0.0150178 3.80718 -0.00325435 -0.0149289 0.999883 43.1023
0.999516 -0.0294815 0.0099461 2.34009 0.0293196 0.999441 0.0160499 3.90297 -0.0104137 -0.0157505 0.999822 44.0972
0.999394 -0.0306946 0.0164348 2.39789 0.0304151 0.999393 0.016997 3.96468 -0.0169466 -0.0164868 0.99972 45.0936
0.999236 -0.0299888 0.025075 2.4234 0.029585 0.999429 0.0163236 4.04231 -0.0255502 -0.0155693 0.999552 46.0902
0.99915 -0.0325391 0.0252885 2.6745 0.0321448 0.999358 0.0158445 4.07057 -0.0257879 -0.0150182 0.999555 47.0578
0.999164 -0.0322751 0.025081 2.73206 0.0318866 0.999368 0.0157372 4.17806 -0.025573 -0.0149243 0.999562 48.0503
0.999147 -0.0338027 0.0237394 2.77752 0.0334158 0.999305 0.0165103 4.27982 -0.024281 -0.015703 0.999582 49.0441
0.999111 -0.0344656 0.0242873 2.82585 0.0340811 0.99929 0.0160716 4.37529 -0.024824 -0.0152296 0.999576 50.0383
0.999314 -0.0305373 0.0209473 2.92737 0.0302038 0.999415 0.0160567 4.47044 -0.0214254 -0.015413 0.999652 51.0286
0.999269 -0.030202 0.0234361 2.99874 0.029813 0.999415 0.0167747 4.56828 -0.023929 -0.0160637 0.999585 52.0213
0.999164 -0.0294734 0.028343 3.00199 0.0289945 0.999432 0.0171629 4.65512 -0.0288328 -0.0163267 0.999451 53.0175
0.998893 -0.0324624 0.0340432 3.0446 0.0318725 0.999335 0.0177306 4.7251 -0.0345962 -0.0166259 0.999263 54.0141
0.999032 -0.0325685 0.0295616 3.14454 0.03201 0.999304 0.0191739 4.81307 -0.0301654 -0.018209 0.999379 55.0052
0.99928 -0.0293644 0.0240433 3.39214 0.028935 0.999419 0.018018 4.93927 -0.0245584 -0.0173093 0.999549 55.9658
0.999283 -0.0301512 0.0228823 3.56548 0.0297367 0.999391 0.0182448 5.03163 -0.0234185 -0.0175513 0.999572 56.9463
0.999312 -0.0312088 0.020048 3.59523 0.0308581 0.999369 0.017573 5.10637 -0.0205838 -0.0169423 0.999645 57.9431
0.99937 -0.0334399 0.0119112 3.85548 0.0332294 0.999295 0.0174543 5.09422 -0.0124865 -0.0170475 0.999777 58.9086
0.999331 -0.0349344 0.0108157 3.87831 0.0347632 0.999273 0.0156328 5.17983 -0.011354 -0.0152464 0.999819 59.9046
0.999359 -0.0352643 0.00617993 3.82463 0.0351707 0.999274 0.0146457 5.27611 -0.00669191 -0.0144189 0.999874 60.8985
0.999267 -0.0377933 0.00605175 3.80901 0.037697 0.999172 0.0153124 5.38618 -0.00662544 -0.0150731 0.999864 61.8923
0.99916 -0.0393178 0.0115886 3.81673 0.0391469 0.999127 0.0146178 5.48695 -0.0121533 -0.0141519 0.999826 62.8872
0.999085 -0.0393854 0.0166652 3.88997 0.0391249 0.999111 0.0156784 5.57766 -0.0172679 -0.015012 0.999738 63.8804
0.998788 -0.0428952 0.0241409 3.98271 0.0424855 0.998948 0.0172335 5.66741 -0.0248548 -0.016187 0.99956 64.872
0.99874 -0.0419686 0.0275046 4.03777 0.0415584 0.999019 0.0153202 5.76925 -0.0281206 -0.0141578 0.999504 65.8653
0.998501 -0.0425871 0.0343808 4.06581 0.0420614 0.998989 0.0158704 5.86143 -0.0350219 -0.0144005 0.999283 66.8607
0.997981 -0.0450596 0.0447536 4.1843 0.0444539 0.998907 0.0144406 5.96868 -0.0453554 -0.012422 0.998894 67.8478
0.998467 -0.0442877 0.0331926 4.73128 0.0439868 0.998985 0.00974253 6.12123 -0.0335904 -0.00826756 0.999401 68.6709
0.998693 -0.0439337 0.0261309 4.80379 0.0437007 0.999 0.00942247 6.20436 -0.0265188 -0.00826822 0.999614 69.6648
0.999057 -0.0411791 0.0137885 4.77323 0.0410313 0.999099 0.0108401 6.37475 -0.0142225 -0.0102641 0.999846 70.6497
0.999065 -0.0427978 0.00612968 4.91295 0.0427185 0.999008 0.0125393 6.50417 -0.00666025 -0.0122657 0.999903 71.6314
0.99933 -0.0351598 -0.010122 5.50558 0.0353485 0.999192 0.0191095 6.60931 0.0094419 -0.0194545 0.999766 72.43
0.999049 -0.0306877 -0.0309825 6.35571 0.0314844 0.999177 0.0255606 6.57374 0.0301726 -0.0265117 0.999193 72.9554
0.998986 -0.0301723 -0.0334139 6.42556 0.0311533 0.999087 0.0292383 6.66337 0.0325012 -0.0302496 0.999014 73.9489
0.999071 -0.0332313 -0.027443 6.47176 0.0339671 0.999064 0.0267954 6.76364 0.0265269 -0.0277027 0.999264 74.9428
0.999033 -0.0326518 -0.0294288 6.48064 0.0333764 0.999143 0.0244769 6.87419 0.0286044 -0.0254355 0.999267 75.9366
0.999231 -0.0301572 -0.0250721 6.46814 0.0306926 0.999303 0.0212503 6.96593 0.0244137 -0.0220035 0.99946 76.9323
0.999169 -0.0321152 -0.0250887 6.77112 0.0325941 0.99929 0.0189173 7.09239 0.0244634 -0.0197193 0.999506 77.8769
0.999295 -0.0342933 -0.0153044 6.64435 0.034577 0.999228 0.0186757 7.15964 0.0146522 -0.0191917 0.999708 78.8665
0.999378 -0.0319507 -0.0148985 6.69941 0.0322414 0.999286 0.0197002 7.2696 0.0142584 -0.0201683 0.999695 79.859
0.999589 -0.0286424 0.000763116 6.6482 0.0286186 0.999347 0.0220676 7.375 -0.00139469 -0.0220367 0.999756 80.8521
0.999841 -0.0153264 -0.00915648 6.68985 0.0158408 0.99813 0.0590322 6.42737 0.00823461 -0.0591678 0.998214 80.5354
0.999579 -0.0154811 0.0245379 6.28081 0.0138762 0.997836 0.0642774 6.52021 -0.0254798 -0.0639098 0.99763 81.4432
0.998747 -0.0209496 0.0454438 5.62998 0.0175832 0.997158 0.0732544 6.56272 -0.0468494 -0.0723636 0.996277 82.2013
0.998977 -0.0210164 0.0400442 5.69225 0.0181038 0.997258 0.0717584 6.71203 -0.0414424 -0.07096 0.996618 83.1881
0.999127 -0.021033 0.0360933 5.64312 0.0185266 0.997484 0.0684241 6.86897 -0.0374416 -0.0676956 0.997003 84.1745
0.999671 -0.0187241 0.0175297 4.74507 0.0175293 0.997666 0.0659934 6.75708 -0.0187244 -0.0656644 0.997666 83.749
0.99965 -0.0188808 0.0185158 4.44631 0.0177315 0.998018 0.060387 6.94538 -0.0196193 -0.0600376 0.998003 84.6846
0.999719 -0.0211524 0.0107255 4.46185 0.0205078 0.998163 0.0570078 7.07913 -0.0119116 -0.0567718 0.998316 85.6755
0.999806 -0.019713 5.22813e-05 4.54917 0.0196792 0.998243 0.0558982 7.21979 -0.00115411 -0.0558863 0.998436 86.6617
0.999763 -0.0198321 -0.00900242 3.55787 0.0202454 0.998622 0.0484102 7.15166 0.00802995 -0.0485809 0.998787 86.5491
0.999812 -0.0171677 -0.00905556 3.5338 0.0175929 0.998635 0.0491699 7.29067 0.00819907 -0.0493199 0.998749 87.5391
0.99991 -0.0115254 -0.00692493 3.50972 0.0118653 0.998617 0.0512187 7.4393 0.00632503 -0.0512962 0.998663 88.5277
0.999935 -0.0112254 -0.00202218 3.51453 0.0113161 0.998555 0.0525353 7.5748 0.00142953 -0.0525547 0.998617 89.5185
0.999986 -0.00474262 0.00250632 3.53558 0.00462893 0.99904 0.0435712 8.03108 -0.00271055 -0.043559 0.999047 90.4081
0.999948 -0.00452114 0.00911004 3.52121 0.00412517 0.999065 0.0430258 8.13655 -0.00929605 -0.042986 0.999032 91.4024
0.999952 -0.00806017 0.00556547 3.59829 0.00773589 0.9984 0.0560161 7.46898 -0.00600807 -0.0559703 0.998414 92.1429
0.999928 -0.0119489 -0.00102925 3.57896 0.0119877 0.998372 0.0557625 7.55947 0.000361267 -0.0557708 0.998444 93.1386
0.999839 -0.0174629 -0.0040946 3.54208 0.0175956 0.999233 0.0349925 8.47509 0.00348039 -0.0350589 0.999379 93.539
0.999928 -0.0118795 -0.00170344 3.52108 0.0118221 0.999465 -0.0305062 9.47326 0.00206493 0.0304839 0.999533 93.5957
0.999879 -0.0111875 -0.0107924 3.54077 0.0108155 0.999366 -0.0339329 8.47889 0.0111652 0.033812 0.999366 93.4915
0.999802 -0.00949598 -0.0174894 3.59301 0.00904592 0.99963 -0.025635 7.48211 0.0177264 0.0254717 0.999518 93.4306
0.999746 -0.00821234 -0.0210072 3.61626 0.00785555 0.999824 -0.0170104 6.4843 0.0211433 0.016841 0.999635 93.4924
0.999756 -0.00640727 -0.0211192 3.57401 0.00583799 0.999621 -0.0269078 7.48055 0.0212836 0.026778 0.999415 93.5678
0.999812 -0.00582218 -0.0185096 3.58235 0.00517577 0.999382 -0.0347813 8.47468 0.0187006 0.0346789 0.999224 93.6757
0.999857 -0.0142006 -0.00918757 3.66781 0.0138454 0.999196 -0.0376375 8.86799 0.00971465 0.0375049 0.999249 94.5911
0.999896 -0.0125567 0.00715134 3.65418 0.0127935 0.999337 -0.0340887 8.87665 -0.00671855 0.0341766 0.999393 95.591
0.999718 -0.0135004 0.0195492 3.67237 0.0136145 0.999891 -0.00571243 8.09313 -0.01947 0.00597697 0.999793 96.2121
0.99877 -0.0107172 0.0484045 3.70247 0.0107771 0.999941 -0.00097659 8.16129 -0.0483912 0.00149705 0.998827 97.2093
0.995082 0.000286316 0.0990554 3.72318 0.000719167 0.999949 -0.0101149 9.13979 -0.0990532 0.0101363 0.995031 97.4145
0.978008 0.000177496 0.208567 3.39011 0.000508263 0.999995 -0.00323436 9.16215 -0.208566 0.00326923 0.978003 98.3572
0.966347 0.00864153 0.257095 3.27243 -0.00582069 0.999914 -0.011731 9.91768 -0.257174 0.00983974 0.966315 99.0016
0.954594 0.0161597 0.297473 4.25921 -0.00376055 0.999102 -0.0422067 9.90318 -0.297888 0.0391716 0.953797 98.8402
0.943514 0.0165657 0.330917 5.24275 -0.00856359 0.999635 -0.025625 9.9403 -0.331221 0.0213437 0.943312 98.6634
0.9866 -0.0857198 0.138828 6.08975 0.0647946 0.986743 0.148796 9.98408 -0.149742 -0.137807 0.979074 98.1336
0.97031 -0.166715 0.175228 5.37915 0.155148 0.984819 0.0778526 9.76223 -0.185547 -0.0483549 0.981445 97.4659
0.915823 -0.312672 0.252001 4.80858 0.257124 0.938582 0.230112 9.71237 -0.308473 -0.145946 0.93997 98.2856
0.923556 -0.299039 0.240043 5.66555 0.238239 0.937974 0.251887 10.0974 -0.300478 -0.175444 0.937514 98.6282
0.924297 -0.313835 0.217217 4.73985 0.211039 0.894435 0.39427 9.78817 -0.318022 -0.318581 0.892955 98.8462
0.915416 -0.308085 0.259031 3.88454 0.185407 0.893952 0.408013 9.33011 -0.357264 -0.325475 0.875459 98.604
0.905868 -0.364139 0.216349 3.00243 0.165262 0.774161 0.611035 9.11123 -0.38999 -0.517763 0.761465 99.0212
0.922025 -0.36484 0.129468 3.82544 0.22052 0.769839 0.598931 9.19413 -0.318183 -0.523679 0.790265 98.4592
0.9096 -0.360065 0.207321 3.13858 0.163168 0.768462 0.618743 8.55137 -0.382106 -0.52898 0.757744 98.12
0.918161 -0.214606 0.333053 2.54044 0.0209827 0.865762 0.500015 8.73801 -0.395651 -0.452106 0.799412 98.8993
0.936997 -0.252591 0.241318 1.63073 0.0520164 0.783966 0.61862 8.61389 -0.345443 -0.567093 0.747713 99.2956
0.951584 -0.289488 0.103371 2.47544 0.152704 0.737049 0.658362 8.60582 -0.266777 -0.610701 0.74557 98.7604
0.934307 -0.291068 0.20579 1.58462 0.0892441 0.749911 0.655492 8.15384 -0.345117 -0.594065 0.726623 98.8068
0.923183 -0.297944 0.242823 2.19874 0.0637469 0.741695 0.667701 7.69548 -0.379038 -0.600931 0.703713 98.1644
0.914998 -0.303699 0.265604 2.90142 0.0476177 0.735007 0.676386 7.51297 -0.400638 -0.606244 0.686991 97.4767
0.910856 -0.304221 0.27891 3.65572 0.034725 0.729871 0.682703 7.35591 -0.41126 -0.612159 0.675371 96.8392
0.904607 -0.302351 0.300449 4.58489 0.0115542 0.722007 0.691789 7.49105 -0.426089 -0.622326 0.656626 96.4951
0.892009 -0.303369 0.335094 4.9601 -0.0147313 0.721424 0.692337 8.24003 -0.451778 -0.622507 0.639047 97.0413
0.879479 -0.301516 0.368245 4.51017 -0.0382942 0.726387 0.686218 8.55491 -0.474394 -0.617617 0.627296 96.2056
0.874657 -0.302235 0.378984 4.87869 -0.0463855 0.726054 0.686071 9.28861 -0.482518 -0.617656 0.621029 96.7764
0.378176 0.535354 0.755234 4.02329 0.814318 -0.580407 0.00366559 8.77172 0.440306 0.613615 -0.655445 96.8096
-0.326833 -0.39973 0.856385 3.21093 -0.814981 0.578018 -0.0412327 8.78359 -0.478525 -0.711414 -0.514688 97.3926
-0.339091 -0.400082 0.851441 4.00697 -0.814219 0.578171 -0.052592 8.72474 -0.471237 -0.711093 -0.521807 96.7902
-0.347148 -0.399871 0.848287 4.80292 -0.813614 0.578262 -0.0603739 8.65791 -0.466391 -0.711137 -0.526083 96.1886
-0.350717 -0.399921 0.846794 5.59896 -0.812475 0.579607 -0.0627684 8.59359 -0.465705 -0.710013 -0.528204 95.5867
-0.349358 -0.399455 0.847576 6.43485 -0.811604 0.581048 -0.0606884 8.61779 -0.46824 -0.709097 -0.527193 95.0384
-0.340365 -0.397387 0.852194 7.25876 -0.810354 0.583675 -0.0514801 8.61299 -0.476947 -0.708101 -0.520687 94.4717
-0.329754 -0.39794 0.856099 8.08543 -0.811811 0.582409 -0.0419744 8.62779 -0.481897 -0.708832 -0.515104 93.9092
-0.328427 -0.399985 0.855656 8.91114 -0.812859 0.58106 -0.0403775 8.64407 -0.481037 -0.708789 -0.515967 93.3453
-0.333927 -0.401546 0.852791 9.73464 -0.811789 0.582314 -0.0436834 8.65524 -0.479052 -0.706874 -0.520422 92.7781
-0.337018 -0.401434 0.851628 10.5623 -0.811545 0.582427 -0.0466154 8.66948 -0.477298 -0.706845 -0.52207 92.2171
-0.335926 -0.400917 0.852302 11.3968 -0.811417 0.582677 -0.045724 8.68311 -0.478285 -0.706932 -0.521047 91.6662
-0.340349 -0.401537 0.850253 12.2082 -0.810791 0.583274 -0.0490986 8.65777 -0.476215 -0.706088 -0.524079 91.0823
-0.345982 -0.402086 0.847716 13.0173 -0.810697 0.582936 -0.0543769 8.63348 -0.4723 -0.706054 -0.527655 90.4951
-0.353247 -0.400566 0.845437 13.834 -0.80955 0.583805 -0.0616471 8.61563 -0.468877 -0.7062 -0.530506 89.9184
-0.359489 -0.399411 0.84335 14.6602 -0.808006 0.585327 -0.0672126 8.61841 -0.46679 -0.705594 -0.533145 89.355
-0.363029 -0.398842 0.842102 15.5128 -0.807543 0.585544 -0.0708007 8.67923 -0.464849 -0.705736 -0.534651 88.836
-0.36793 -0.400487 0.839189 16.3214 -0.809252 0.582413 -0.0768596 8.6742 -0.457973 -0.707394 -0.538382 88.2477
-0.373601 -0.402232 0.835842 17.1131 -0.809395 0.581522 -0.0819335 8.6228 -0.453104 -0.707136 -0.542822 87.6388
-0.380038 -0.403363 0.832388 17.892 -0.809781 0.579995 -0.0886593 8.54285 -0.447019 -0.707746 -0.547056 87.0169
-0.388137 -0.403491 0.82858 18.6583 -0.808753 0.580209 -0.096307 8.43682 -0.441891 -0.707497 -0.551525 86.3832
-0.391637 -0.404107 0.82663 19.4407 -0.807255 0.582022 -0.0979301 8.34951 -0.441542 -0.705655 -0.554159 85.7665
-0.382872 -0.403054 0.831238 20.23 -0.807429 0.583194 -0.089124 8.28336 -0.448851 -0.705289 -0.548726 85.1562
-0.375085 -0.402097 0.835242 21.0194 -0.807007 0.584991 -0.0807826 8.19894 -0.456126 -0.704346 -0.543916 84.548
-0.368703 -0.400141 0.839014 21.7665 -0.806193 0.586963 -0.0743459 8.06572 -0.462722 -0.703819 -0.539006 83.8968
-0.34829 -0.400679 0.847437 22.5672 -0.809608 0.584245 -0.0565048 8.02203 -0.47247 -0.705772 -0.52788 83.2994
-0.335565 -0.400387 0.852694 23.3712 -0.810059 0.584676 -0.0442486 7.96459 -0.480833 -0.70558 -0.520534 82.7075
-0.32928 -0.399131 0.855727 24.1793 -0.8101 0.585003 -0.0388638 7.92338 -0.485091 -0.706022 -0.515966 82.1199
-0.326809 -0.396727 0.85779 24.9867 -0.808535 0.587321 -0.0364079 7.8962 -0.489354 -0.705452 -0.512709 81.5306
-0.319013 -0.394667 0.861666 25.815 -0.806311 0.590834 -0.0279002 7.9063 -0.49809 -0.703671 -0.506708 80.9703
-0.30088 -0.395279 0.867886 26.6391 -0.807925 0.589168 -0.0117552 7.9321 -0.506684 -0.704723 -0.496624 80.4045
-0.296229 -0.396201 0.869064 27.4776 -0.808305 0.588721 -0.00712366 7.9582 -0.508814 -0.704579 -0.494648 79.8601
-0.295704 -0.396192 0.869247 28.3164 -0.808041 0.589092 -0.0063824 7.99615 -0.509538 -0.704275 -0.494336 79.3171
-0.298611 -0.398041 0.867407 29.1613 -0.808916 0.58786 -0.00871405 8.04293 -0.506445 -0.704261 -0.497523 78.7843
-0.304337 -0.399711 0.864645 29.9915 -0.811152 0.584637 -0.0152411 8.054 -0.499411 -0.705997 -0.502153 78.2268
-0.317908 -0.401776 0.858784 30.831 -0.813245 0.581191 -0.0291449 8.07258 -0.487408 -0.707668 -0.511507 77.6838
-0.341312 -0.399137 0.850997 31.644 -0.809261 0.585313 -0.0500477 8.04296 -0.478124 -0.705761 -0.522781 77.1023
-0.34896 -0.398951 0.847977 32.4323 -0.808006 0.586449 -0.0566019 7.96392 -0.474714 -0.704922 -0.527002 76.4922
-0.350208 -0.396518 0.848603 33.2408 -0.805755 0.589493 -0.0570786 7.9309 -0.477613 -0.703755 -0.525942 75.9046
-0.346517 -0.396338 0.850201 34.0508 -0.806135 0.589275 -0.0538544 7.91115 -0.479658 -0.704039 -0.523696 75.3184
-0.342458 -0.395744 0.85212 34.8642 -0.806794 0.588639 -0.0508647 7.91009 -0.481462 -0.704905 -0.520868 74.7367
-0.335706 -0.397053 0.854196 35.6823 -0.807791 0.587806 -0.044241 7.90999 -0.484535 -0.704864 -0.518066 74.1617
-0.33318 -0.395425 0.855938 36.4732 -0.806864 0.589252 -0.0418556 7.8485 -0.487813 -0.704571 -0.515381 73.5528
-0.329589 -0.393081 0.858404 37.2962 -0.806939 0.58928 -0.0399853 7.83543 -0.490123 -0.705859 -0.511413 72.985
-0.32806 -0.391966 0.859499 38.1098 -0.806378 0.590136 -0.038659 7.78967 -0.492068 -0.705764 -0.509673 72.4053
-0.323226 -0.391032 0.861753 38.9234 -0.806598 0.590076 -0.0347839 7.75111 -0.494898 -0.706332 -0.506134 71.8252
-0.316363 -0.389793 0.864856 39.7396 -0.806528 0.59049 -0.0288907 7.7468 -0.499427 -0.70667 -0.501188 71.2475
-0.310893 -0.388453 0.867438 38.9121 -0.806879 0.590192 -0.0248908 7.75519 -0.502286 -0.707656 -0.496921 71.8089
-0.306329 -0.387286 0.869582 39.7399 -0.807384 0.589623 -0.021817 7.74667 -0.504276 -0.708769 -0.493307 71.2479
-0.306422 -0.387047 0.869655 40.5517 -0.808717 0.587733 -0.0233754 7.76618 -0.502078 -0.710468 -0.493106 70.6642
-0.323308 -0.389252 0.862528 41.358 -0.809077 0.586432 -0.0386207 7.71779 -0.490781 -0.710338 -0.504533 70.0747
-0.33218 -0.389804 0.8589 42.1543 -0.808753 0.586291 -0.0467026 7.64476 -0.485361 -0.710152 -0.510009 69.4742
-0.337078 -0.390061 0.856873 42.9451 -0.809064 0.585437 -0.0517712 7.55285 -0.481451 -0.710716 -0.512921 68.8691
-0.342772 -0.389061 0.855067 43.7411 -0.806449 0.588701 -0.0554198 7.46137 -0.481817 -0.708564 -0.515547 68.2708
-0.329138 -0.388245 0.860775 44.5601 -0.806611 0.589552 -0.0425144 7.43933 -0.490966 -0.708304 -0.507206 67.6975
-0.321507 -0.389549 0.863067 45.3802 -0.807735 0.588489 -0.0352779 7.40875 -0.494163 -0.708472 -0.503856 67.126
-0.324303 -0.39149 0.861141 46.1887 -0.807314 0.589008 -0.0362584 7.39593 -0.493024 -0.706969 -0.507072 66.5377
-0.326697 -0.393921 0.859124 46.9973 -0.807132 0.589226 -0.0367578 7.40987 -0.491738 -0.705435 -0.510445 65.9495
-0.325496 -0.396153 0.858554 47.808 -0.807018 0.589551 -0.0339277 7.40392 -0.492721 -0.703912 -0.511599 65.364
-0.328633 -0.399267 0.855912 48.6151 -0.808729 0.587037 -0.036675 7.38183 -0.487809 -0.704254 -0.515819 64.774
-0.337027 -0.401482 0.851601 49.4349 -0.808984 0.586197 -0.0438017 7.37769 -0.48162 -0.703694 -0.522357 64.2015
-0.34404 -0.401979 0.848557 50.2507 -0.809019 0.5856 -0.0505992 7.34698 -0.476575 -0.703908 -0.526678 63.6239
-0.351049 -0.400209 0.846521 51.0441 -0.807767 0.58668 -0.0576139 7.29191 -0.473579 -0.704017 -0.529229 63.0176
-0.356204 -0.399659 0.844625 51.8359 -0.807174 0.586978 -0.0626644 7.22008 -0.470732 -0.704081 -0.531678 62.4112
-0.359035 -0.398531 0.843959 52.6178 -0.806847 0.587059 -0.0660287 7.13722 -0.469139 -0.704652 -0.532328 61.7932
-0.35803 -0.396883 0.845162 53.4076 -0.80558 0.588943 -0.064698 7.0654 -0.472075 -0.70401 -0.530581 61.184
-0.350936 -0.396643 0.848244 54.2077 -0.806345 0.588557 -0.05839 7.00873 -0.47608 -0.704468 -0.526377 60.587
-0.346176 -0.397484 0.849805 54.9963 -0.807313 0.587648 -0.0540026 6.93735 -0.477921 -0.704753 -0.524323 59.9761
-0.342172 -0.394734 0.852704 55.8062 -0.806739 0.588684 -0.0512138 6.89439 -0.481757 -0.705433 -0.519879 59.3911
-0.334742 -0.394713 0.855657 56.5993 -0.809975 0.584561 -0.0472141 6.84471 -0.481548 -0.708866 -0.515385 58.7841
-0.334483 -0.393939 0.856115 57.395 -0.809382 0.585411 -0.0468487 6.78691 -0.482724 -0.708594 -0.514657 58.1812
-0.334139 -0.394599 0.855946 58.2166 -0.808676 0.586508 -0.0453006 6.77913 -0.484143 -0.707319 -0.515078 57.6112
-0.337001 -0.394558 0.854842 59.0241 -0.808919 0.585919 -0.0484627 6.72997 -0.481747 -0.70783 -0.516621 57.0233
-0.344868 -0.394612 0.851673 59.8325 -0.808763 0.58544 -0.0562366 6.6929 -0.476412 -0.708196 -0.521047 56.4359
-0.355601 -0.396383 0.846421 60.6161 -0.807686 0.586031 -0.064887 6.60357 -0.470309 -0.706716 -0.528547 55.821
-0.366065 -0.396771 0.841766 61.3927 -0.80533 0.588327 -0.072909 6.50247 -0.466305 -0.704588 -0.534897 55.1993
-0.362021 -0.393948 0.844835 62.173 -0.804089 0.590465 -0.0692259 6.42527 -0.471574 -0.704383 -0.53053 54.5786
-0.351528 -0.39173 0.85028 62.9642 -0.803987 0.59163 -0.0598207 6.34256 -0.479618 -0.704643 -0.52292 53.9727
-0.342995 -0.391624 0.853806 63.7555 -0.806492 0.588781 -0.0539258 6.30966 -0.481586 -0.707084 -0.517791 53.3621
-0.33913 -0.39261 0.854897 64.5634 -0.80567 0.590378 -0.0484723 6.27463 -0.485681 -0.705204 -0.516529 52.7739
-0.330593 -0.391756 0.858624 65.3633 -0.804518 0.592622 -0.0393714 6.22679 -0.493415 -0.703795 -0.511091 52.1756
-0.311605 -0.391591 0.865771 66.1764 -0.805031 0.592839 -0.0216004 6.19791 -0.504804 -0.703703 -0.499974 51.5942
-0.303771 -0.392637 0.868078 66.9929 -0.805693 0.592165 -0.0141007 6.17655 -0.508509 -0.703688 -0.496228 51.0174
-0.300025 -0.392919 0.869252 67.8251 -0.804558 0.593801 -0.00928566 6.19251 -0.512515 -0.70215 -0.494281 50.4631
-0.289488 -0.390785 0.873776 68.6636 -0.805019 0.593248 -0.0013859 6.19283 -0.517824 -0.703807 -0.486328 49.9182
-0.285606 -0.388818 0.875928 69.4907 -0.805458 0.592652 0.000444887 6.19574 -0.519294 -0.705397 -0.482442 49.3561
-0.287583 -0.389651 0.87491 70.3261 -0.806951 0.590615 -0.00220737 6.22218 -0.515875 -0.706644 -0.48428 48.8071
-0.29467 -0.390041 0.872375 71.1448 -0.807206 0.590205 -0.00877475 6.23219 -0.511457 -0.706771 -0.488759 48.2329
-0.30147 -0.390084 0.870029 71.9678 -0.807554 0.58959 -0.0154752 6.23287 -0.506924 -0.707261 -0.492757 47.6649
-0.306673 -0.391181 0.867715 72.7912 -0.807827 0.589082 -0.0199389 6.21991 -0.503356 -0.707078 -0.496663 47.0977
-0.309085 -0.392471 0.866275 73.6075 -0.807946 0.588864 -0.0214856 6.22008 -0.501686 -0.706545 -0.499105 46.5201
-0.310047 -0.390247 0.866936 74.4348 -0.807983 0.588718 -0.023955 6.21296 -0.501032 -0.707897 -0.497844 45.9583
-0.313939 -0.38711 0.866942 75.259 -0.806445 0.590631 -0.028301 6.1986 -0.501087 -0.708026 -0.497605 45.3922
-0.320167 -0.386909 0.864751 76.0839 -0.804354 0.593269 -0.0323636 6.17181 -0.500508 -0.705927 -0.501157 44.8274
-0.323497 -0.386428 0.863727 76.9022 -0.803516 0.594249 -0.035081 6.16384 -0.499712 -0.705367 -0.502738 44.2528
-0.324389 -0.386935 0.863165 77.7176 -0.804 0.593533 -0.0360884 6.14677 -0.498353 -0.705691 -0.503631 43.6742
-0.329232 -0.38664 0.861461 78.5523 -0.803235 0.594301 -0.0402459 6.1544 -0.496406 -0.705206 -0.506226 43.1235
-0.331213 -0.388653 0.859795 79.3857 -0.804235 0.592837 -0.0418299 6.13876 -0.493461 -0.705332 -0.508924 42.571
-0.334043 -0.388641 0.858704 80.1996 -0.803989 0.592986 -0.0443784 6.10672 -0.491953 -0.705213 -0.510546 41.9909
-0.337165 -0.387988 0.857779 81.0039 -0.805358 0.59073 -0.0493627 6.03261 -0.487563 -0.707463 -0.511643 41.4013
-0.343331 -0.38738 0.855605 81.8164 -0.805824 0.589455 -0.0564758 5.96238 -0.482464 -0.708857 -0.514539 40.8226
-0.349403 -0.38654 0.853525 82.6126 -0.805442 0.589336 -0.0628235 5.88831 -0.478729 -0.709415 -0.517251 40.2221
-0.353006 -0.385528 0.852499 83.4203 -0.802841 0.592704 -0.0644033 5.84564 -0.48045 -0.707156 -0.518746 39.6341
-0.350595 -0.384891 0.853781 84.2122 -0.801255 0.595238 -0.0606885 5.79524 -0.484844 -0.705373 -0.517083 39.0255
-0.337257 -0.385606 0.858816 85.0422 -0.801632 0.59595 -0.0472207 5.7618 -0.493603 -0.70438 -0.510102 38.4687
-0.334673 -0.385686 0.859791 85.8617 -0.801699 0.596056 -0.0446811 5.74069 -0.495251 -0.704247 -0.508687 37.8961
-0.338459 -0.386413 0.85798 86.6484 -0.801482 0.596113 -0.0476962 5.66974 -0.493023 -0.703799 -0.511463 37.2828
-0.339543 -0.387098 0.857243 87.4112 -0.802897 0.594036 -0.049773 5.53535 -0.489966 -0.705178 -0.512501 36.6503
-0.344859 -0.386509 0.855384 88.1753 -0.803349 0.59287 -0.0559898 5.44381 -0.485491 -0.706481 -0.514959 36.0118
-0.352058 -0.385723 0.852803 88.959 -0.803455 0.591921 -0.0639598 5.31669 -0.480121 -0.707706 -0.518301 35.4038
-0.35865 -0.384322 0.850686 89.7455 -0.801827 0.593449 -0.0699433 5.23254 -0.477958 -0.707188 -0.521 34.792
-0.35856 -0.385691 0.850104 90.5363 -0.801668 0.593806 -0.0687214 5.1419 -0.478292 -0.706142 -0.522111 34.1865
-0.354295 -0.385301 0.852067 91.3704 -0.800735 0.595632 -0.0636089 5.11234 -0.48301 -0.704816 -0.519553 33.6358
-0.349872 -0.386536 0.853334 92.1603 -0.801735 0.594728 -0.059321 5.03489 -0.484572 -0.704903 -0.517978 33.0274
-0.343337 -0.386962 0.855792 92.9723 -0.801231 0.596099 -0.0519102 5.01196 -0.490049 -0.70351 -0.514709 32.4442
-0.335569 -0.386982 0.858859 93.7938 -0.801159 0.596824 -0.0441093 4.97201 -0.495518 -0.702884 -0.51031 31.8754
-0.32812 -0.385268 0.8625 94.6149 -0.801294 0.597054 -0.0381391 4.95527 -0.500265 -0.70363 -0.504619 31.3048
-0.325003 -0.384107 0.864196 95.4227 -0.801627 0.596724 -0.0362483 4.90318 -0.501763 -0.704544 -0.501848 30.7178
-0.326487 -0.385162 0.863166 96.2394 -0.802051 0.596084 -0.0373859 4.86322 -0.50012 -0.70451 -0.503534 30.1421
-0.331692 -0.385878 0.860859 97.0523 -0.802219 0.59554 -0.0421486 4.83079 -0.496412 -0.704578 -0.507094 29.5605
-0.331934 -0.387256 0.860147 97.8685 -0.803156 0.594258 -0.0423935 4.82179 -0.494732 -0.704904 -0.508282 28.9828
-0.331219 -0.388303 0.85995 98.6879 -0.804017 0.593131 -0.0418524 4.80685 -0.493812 -0.705277 -0.508659 28.4098
-0.336214 -0.387775 0.858249 99.5145 -0.802582 0.594791 -0.0456677 4.79493 -0.49277 -0.704169 -0.511198 27.8472
-0.339927 -0.386891 0.857184 100.318 -0.80206 0.595195 -0.049425 4.71873 -0.49107 -0.704314 -0.512633 27.2569
-0.342402 -0.383637 0.857662 101.14 -0.80091 0.596438 -0.0529545 4.70693 -0.491227 -0.705042 -0.51148 26.6867
-0.342483 -0.384432 0.857273 101.968 -0.800407 0.597201 -0.0519587 4.70034 -0.49199 -0.703962 -0.512233 26.1263
-0.340159 -0.385664 0.857645 102.78 -0.801287 0.596212 -0.049703 4.65597 -0.49217 -0.704127 -0.511834 25.5444
-0.338549 -0.386056 0.858105 103.604 -0.80109 0.596646 -0.0476276 4.65594 -0.493598 -0.703544 -0.51126 24.978
-0.319525 -0.406766 0.85583 103.9 -0.811493 0.583806 -0.0254957 4.13352 -0.489268 -0.702647 -0.516628 24.1785
-0.318356 -0.4076 0.855869 104.709 -0.811977 0.583183 -0.024294 4.11651 -0.489226 -0.702681 -0.516621 23.59
-0.318439 -0.409 0.85517 105.499 -0.813608 0.58087 -0.0251509 4.10498 -0.486456 -0.703782 -0.517737 22.9767
-0.321703 -0.407273 0.854772 106.327 -0.813632 0.580628 -0.029568 4.14469 -0.484262 -0.704982 -0.518161 22.4187
-0.328549 -0.406818 0.852382 107.133 -0.813675 0.580159 -0.0367353 4.11519 -0.479572 -0.705631 -0.521628 21.827
-0.331919 -0.404808 0.852033 107.936 -0.81243 0.581676 -0.0401319 4.09749 -0.479362 -0.705538 -0.521947 21.2309
-0.334576 -0.404447 0.851165 108.741 -0.811136 0.583374 -0.0416397 4.05799 -0.479706 -0.704342 -0.523245 20.6398
-0.337327 -0.405928 0.849372 109.54 -0.811531 0.582663 -0.0438349 4.02014 -0.477103 -0.704078 -0.525972 20.0394
-0.342184 -0.406757 0.847029 110.334 -0.810303 0.584136 -0.046835 4.00184 -0.47573 -0.702377 -0.529479 19.431
-0.34141 -0.405937 0.847735 111.137 -0.80961 0.585175 -0.0458449 3.97438 -0.477463 -0.701986 -0.528435 18.8362
-0.340555 -0.404354 0.848835 111.921 -0.808916 0.586176 -0.045307 3.97166 -0.479246 -0.702065 -0.526714 18.2152
-0.343905 -0.403597 0.847844 112.712 -0.807159 0.588437 -0.0472897 3.92725 -0.479817 -0.700608 -0.528133 17.6054
-0.346739 -0.401818 0.847535 113.514 -0.80662 0.588883 -0.0508094 3.90195 -0.478682 -0.701256 -0.528303 17.009
-0.348305 -0.401549 0.84702 114.307 -0.805941 0.589722 -0.0518423 3.84782 -0.478689 -0.700705 -0.529028 16.4013
-0.343047 -0.401423 0.849222 115.115 -0.806216 0.58976 -0.0468975 3.83296 -0.482011 -0.700744 -0.525949 15.813
-0.334103 -0.400446 0.85324 115.931 -0.805065 0.592006 -0.0373964 3.82128 -0.490148 -0.699408 -0.520176 15.2344
-0.32884 -0.399434 0.855755 116.713 -0.803564 0.594393 -0.031345 3.75491 -0.496134 -0.697961 -0.516431 14.6145
-0.320093 -0.400175 0.85872 117.514 -0.802991 0.595594 -0.0217644 3.72799 -0.502739 -0.696511 -0.511982 14.0172
-0.30452 -0.399754 0.86456 118.324 -0.802346 0.596822 -0.00664879 3.7405 -0.513331 -0.695701 -0.502485 13.4305
-0.289768 -0.400031 0.869488 119.142 -0.804056 0.594528 0.00556688 3.73536 -0.519162 -0.697504 -0.493922 12.8551
-0.288222 -0.401298 0.869418 119.968 -0.806293 0.591489 0.00571851 3.7514 -0.516546 -0.699357 -0.494044 12.292
-0.298934 -0.400527 0.86615 120.812 -0.804543 0.593887 -0.00304433 3.77167 -0.513176 -0.697765 -0.499774 11.7564
-0.30991 -0.399798 0.862622 121.634 -0.805034 0.593054 -0.0143589 3.80893 -0.505841 -0.69889 -0.505645 11.1881
-0.318893 -0.398482 0.859953 122.428 -0.805632 0.591911 -0.0244725 3.79078 -0.499264 -0.70061 -0.509786 10.58
-0.327434 -0.39895 0.856519 123.239 -0.806037 0.590951 -0.0328823 3.76341 -0.493043 -0.701153 -0.515066 9.99641
-0.335214 -0.39882 0.853565 124.05 -0.80436 0.592869 -0.0388777 3.73299 -0.490548 -0.699606 -0.519533 9.4117
-0.337725 -0.397851 0.853028 124.861 -0.802361 0.595502 -0.039924 3.71673 -0.492096 -0.69792 -0.520336 8.82721
-0.332681 -0.397836 0.855014 125.672 -0.802737 0.595284 -0.0353557 3.69118 -0.494911 -0.698114 -0.517398 8.24281
-0.331637 -0.398539 0.855093 126.457 -0.80275 0.595354 -0.0338556 3.63866 -0.49559 -0.697653 -0.517369 7.62512
-0.330822 -0.400336 0.854569 127.268 -0.80299 0.595129 -0.0320566 3.62238 -0.495746 -0.696815 -0.518348 7.0406
-0.332798 -0.402218 0.852916 128.078 -0.803818 0.593928 -0.0335556 3.60692 -0.493074 -0.696756 -0.520969 6.45412
-0.336732 -0.403817 0.850614 128.841 -0.804148 0.593297 -0.0366777 3.51705 -0.489856 -0.69637 -0.52451 5.81368
-0.340329 -0.405915 0.84818 129.606 -0.804938 0.592033 -0.0396484 3.44343 -0.486056 -0.696226 -0.528223 5.17365
-0.341131 -0.408458 0.846635 130.373 -0.805001 0.592007 -0.0387424 3.38379 -0.485389 -0.694759 -0.530761 4.53579
-0.332303 -0.408241 0.850244 131.169 -0.804416 0.593333 -0.0295049 3.36095 -0.492433 -0.693754 -0.525562 3.93002
-0.322729 -0.408223 0.853932 131.979 -0.804914 0.59303 -0.020705 3.37078 -0.497955 -0.694024 -0.519972 3.34339
-0.311728 -0.409127 0.857578 132.806 -0.805968 0.591864 -0.0106056 3.38292 -0.503231 -0.694487 -0.514244 2.78151
-0.304057 -0.408579 0.860589 133.639 -0.805066 0.593179 -0.00281874 3.42517 -0.509331 -0.693687 -0.509293 2.23017
-0.298755 -0.407562 0.862925 134.45 -0.805532 0.592551 0.000979329 3.42722 -0.511726 -0.694821 -0.505332 1.64551
-0.29411 -0.40671 0.86492 135.272 -0.805924 0.592004 0.00432895 3.41171 -0.513796 -0.695786 -0.501892 1.07634
-0.289456 -0.405853 0.86689 136.097 -0.806298 0.59146 0.00768117 3.39949 -0.515848 -0.696748 -0.49844 0.510423
-0.298581 -0.407032 0.863235 136.935 -0.807638 0.589678 -0.0013062 3.44459 -0.508499 -0.697571 -0.5048 -0.0329507
-0.317939 -0.407009 0.856305 137.748 -0.808656 0.587914 -0.0208063 3.4422 -0.494965 -0.699071 -0.516051 -0.615037
-0.335097 -0.40655 0.849957 138.563 -0.807558 0.588637 -0.0368253 3.43382 -0.485345 -0.69873 -0.525563 -1.19409
-0.344419 -0.407147 0.845935 139.351 -0.806837 0.589059 -0.0449869 3.37993 -0.479989 -0.698027 -0.531384 -1.80736
-0.35167 -0.406526 0.843247 140.167 -0.805878 0.589817 -0.0517371 3.36681 -0.476329 -0.697748 -0.535031 -2.38628
-0.355088 -0.405946 0.842093 140.978 -0.804956 0.590815 -0.0546153 3.35622 -0.475351 -0.697241 -0.53656 -2.97056
-0.35471 -0.407105 0.841692 141.746 -0.805735 0.589783 -0.0542933 3.26554 -0.474313 -0.697439 -0.537221 -3.60426
-0.351764 -0.407773 0.842605 142.544 -0.805587 0.590309 -0.050634 3.22711 -0.47675 -0.696603 -0.536146 -4.20571
-0.347385 -0.40673 0.844923 143.336 -0.805522 0.590712 -0.0468285 3.18249 -0.48006 -0.696872 -0.532835 -4.81518
-0.346831 -0.406033 0.845486 144.142 -0.803741 0.593291 -0.044787 3.1593 -0.483434 -0.695085 -0.532117 -5.4064
-0.343982 -0.405095 0.847098 144.944 -0.803233 0.594181 -0.0420225 3.12193 -0.486307 -0.694871 -0.529773 -6.00284
-0.339088 -0.404251 0.849471 145.752 -0.803578 0.593979 -0.0381029 3.11466 -0.489165 -0.695536 -0.526258 -6.59174
-0.337265 -0.403683 0.850466 146.545 -0.804033 0.593421 -0.037177 3.06783 -0.489677 -0.696341 -0.524714 -7.19882
-0.337339 -0.403092 0.850717 147.349 -0.805145 0.591803 -0.0388568 3.05714 -0.487794 -0.698059 -0.524186 -7.79328
-0.336053 -0.400274 0.852554 148.152 -0.803529 0.594063 -0.0378156 3.04817 -0.491335 -0.69776 -0.521269 -8.38905
-0.327914 -0.396089 0.857663 148.971 -0.802957 0.59517 -0.0321345 3.01897 -0.497728 -0.699204 -0.513207 -8.9629
-0.318232 -0.39257 0.862912 149.8 -0.802823 0.595691 -0.0250705 3.03219 -0.504187 -0.700744 -0.504732 -9.52149
-0.314904 -0.390015 0.865288 150.628 -0.802857 0.595701 -0.0236802 3.03543 -0.506217 -0.70216 -0.500715 -10.0832
-0.314707 -0.388561 0.866014 151.454 -0.803642 0.594577 -0.0252683 3.05927 -0.505093 -0.703917 -0.499382 -10.6451
-0.318535 -0.387742 0.864981 152.273 -0.803681 0.594327 -0.0295443 3.07365 -0.502626 -0.704579 -0.500935 -11.2197
-0.326565 -0.387393 0.862138 153.092 -0.803323 0.594379 -0.0372084 3.06385 -0.498023 -0.704727 -0.505306 -11.7931
-0.338833 -0.389787 0.856305 153.903 -0.803413 0.593505 -0.0477433 3.0134 -0.489612 -0.704144 -0.514259 -12.3763
-0.350578 -0.392692 0.850228 154.695 -0.802708 0.593663 -0.0567901 3.00354 -0.482448 -0.702394 -0.523342 -12.9863
-0.360963 -0.395069 0.844764 155.494 -0.801915 0.593902 -0.0649048 2.9863 -0.476066 -0.700857 -0.531188 -13.5875
-0.365537 -0.39759 0.841608 156.289 -0.802407 0.592839 -0.0684439 2.95084 -0.471726 -0.700331 -0.535734 -14.1927
-0.369916 -0.39834 0.839337 157.069 -0.801801 0.59326 -0.0718185 2.88616 -0.469337 -0.699548 -0.538846 -14.8149
-0.375508 -0.399682 0.83621 157.854 -0.800444 0.59467 -0.0752137 2.84694 -0.467208 -0.697583 -0.543227 -15.434
-0.37745 -0.399318 0.83551 158.626 -0.800491 0.594301 -0.0775936 2.77636 -0.46556 -0.698106 -0.543969 -16.0659
-0.37959 -0.398675 0.834847 159.42 -0.800191 0.594387 -0.0799873 2.72319 -0.464333 -0.6984 -0.54464 -16.6706
-0.379854 -0.398921 0.834609 160.197 -0.800589 0.593774 -0.0805624 2.63863 -0.463431 -0.698781 -0.544919 -17.2953
-0.378068 -0.399476 0.835155 160.976 -0.800694 0.593924 -0.0783784 2.57098 -0.464709 -0.698336 -0.544401 -17.9181
-0.376311 -0.39869 0.836323 161.757 -0.799116 0.596451 -0.0752306 2.4998 -0.468832 -0.696629 -0.543051 -18.5386
-0.371113 -0.39875 0.838614 162.546 -0.799656 0.596325 -0.0703285 2.43629 -0.472043 -0.696703 -0.540167 -19.1503
-0.358062 -0.399599 0.843868 163.331 -0.799943 0.597407 -0.0565319 2.37213 -0.481543 -0.695288 -0.533565 -19.7659
-0.34548 -0.399885 0.848961 164.117 -0.800217 0.5981 -0.043922 2.31153 -0.4902 -0.694527 -0.526627 -20.3813
-0.338999 -0.400077 0.85148 164.91 -0.800349 0.59836 -0.0374971 2.2628 -0.49449 -0.694193 -0.523045 -20.9878
-0.335824 -0.400356 0.852606 165.683 -0.801478 0.596977 -0.0353651 2.19875 -0.494828 -0.695222 -0.521356 -21.6192
-0.336221 -0.400345 0.852455 166.481 -0.800849 0.597836 -0.0351003 2.15718 -0.495576 -0.694489 -0.521621 -22.2203
-0.336512 -0.398174 0.853357 167.278 -0.799223 0.600002 -0.0352054 2.13025 -0.497998 -0.69387 -0.520137 -22.8246
-0.33515 -0.397977 0.853984 168.065 -0.799502 0.599684 -0.0343014 2.08641 -0.498469 -0.694258 -0.519168 -23.4393
-0.331595 -0.397646 0.855525 168.843 -0.799188 0.600294 -0.0307441 2.05026 -0.501341 -0.69392 -0.516848 -24.0665
-0.322418 -0.395181 0.860162 169.661 -0.797804 0.602507 -0.0222368 2.02594 -0.509466 -0.69341 -0.509536 -24.642
-0.312054 -0.395741 0.86372 170.44 -0.798721 0.601563 -0.0129448 1.97212 -0.514459 -0.69391 -0.503806 -25.2665
-0.293086 -0.393204 0.871488 171.266 -0.797603 0.60317 0.00390408 1.96432 -0.527191 -0.693957 -0.490401 -25.8301
-0.286158 -0.393877 0.873484 172.093 -0.797664 0.603009 0.0105939 1.9883 -0.530892 -0.693715 -0.486738 -26.3922
-0.287936 -0.391768 0.873848 172.921 -0.79767 0.603047 0.00752673 1.99865 -0.52992 -0.694875 -0.486141 -26.9519
-0.293573 -0.389898 0.872809 173.735 -0.797631 0.603144 0.00114756 2.03761 -0.526877 -0.695842 -0.488061 -27.5313
-0.297248 -0.389244 0.871856 174.553 -0.796477 0.604666 -0.00159283 2.01873 -0.526562 -0.694887 -0.48976 -28.1061
-0.298179 -0.38993 0.871231 175.362 -0.796615 0.604484 -0.00209804 1.99715 -0.525827 -0.694661 -0.490868 -28.6934
-0.299073 -0.391047 0.870424 176.189 -0.795981 0.60532 -0.00154799 2.02055 -0.52628 -0.693303 -0.492301 -29.2559
